org_id remap_id
6516 0
8462 1
11391 2
23629 3
23698 4
23798 5
24186 6
24213 7
24391 8
24734 9
25107 10
25150 11
25261 12
25572 13
25629 14
25997 15
26023 16
26192 17
26211 18
26247 19
26315 20
26734 21
26915 22
27116 23
27189 24
27417 25
27683 26
27759 27
27780 28
27891 29
27935 30
28046 31
28061 32
28400 33
28418 34
28787 35
28808 36
28897 37
28952 38
29144 39
29335 40
29411 41
29420 42
29639 43
29764 44
29769 45
29820 46
29985 47
30091 48
30096 49
30268 50
30531 51
30549 52
30850 53
31014 54
31107 55
31161 56
31173 57
31205 58
31269 59
31296 60
31600 61
31604 62
31663 63
31849 64
32221 65
32239 66
32327 67
32885 68
32930 69
33387 70
33600 71
33666 72
33681 73
33796 74
33897 75
33915 76
33930 77
34068 78
34087 79
34229 80
34293 81
34353 82
34431 83
34653 84
34662 85
34731 86
34756 87
34863 88
35001 89
35340 90
35355 91
35502 92
35508 93
35544 94
35747 95
35796 96
35812 97
35860 98
36347 99
36385 100
37298 101
37622 102
37652 103
38053 104
38234 105
38711 106
39208 107
39411 108
39427 109
39655 110
39660 111
39882 112
40184 113
40333 114
40419 115
40508 116
40563 117
40604 118
40857 119
40878 120
41060 121
41414 122
41489 123
41547 124
42552 125
42616 126
42638 127
42668 128
42746 129
42818 130
43273 131
43284 132
43430 133
43564 134
43958 135
45423 136
45462 137
45642 138
45664 139
46016 140
46048 141
46148 142
46605 143
46705 144
46753 145
46812 146
46844 147
47061 148
47063 149
47855 150
47861 151
47891 152
47924 153
48040 154
48152 155
48503 156
48635 157
49119 158
49123 159
49670 160
50069 161
50263 162
50476 163
50487 164
50610 165
50993 166
51030 167
51033 168
51153 169
51163 170
51301 171
51485 172
51576 173
51955 174
52014 175
52130 176
52275 177
52426 178
52702 179
52765 180
52797 181
52899 182
53025 183
53136 184
53166 185
53197 186
53236 187
53300 188
53360 189
53488 190
53626 191
53632 192
53709 193
53895 194
54062 195
54388 196
54391 197
54810 198
54867 199
54882 200
55013 201
55026 202
55104 203
55242 204
55419 205
55450 206
55968 207
56340 208
56637 209
56667 210
56789 211
57079 212
57227 213
57285 214
57340 215
57359 216
57506 217
57818 218
57844 219
58071 220
58077 221
58089 222
58316 223
58549 224
58617 225
58640 226
58653 227
58731 228
58873 229
58884 230
59185 231
59272 232
59275 233
59370 234
59541 235
59725 236
60135 237
60162 238
60405 239
60416 240
60519 241
60809 242
60830 243
61227 244
61236 245
61297 246
61352 247
61911 248
62034 249
62155 250
62278 251
62487 252
62631 253
62975 254
63015 255
63044 256
63112 257
63165 258
63295 259
63371 260
63400 261
63467 262
63566 263
63721 264
63827 265
63856 266
63949 267
63958 268
64275 269
64296 270
64388 271
64427 272
64450 273
64767 274
64901 275
65002 276
65656 277
66047 278
66254 279
66451 280
66577 281
66579 282
66713 283
66892 284
67182 285
67471 286
67505 287
67539 288
67602 289
67685 290
67781 291
67785 292
67986 293
68011 294
68107 295
68208 296
68376 297
68417 298
68556 299
69346 300
69439 301
69489 302
69491 303
69494 304
69703 305
70011 306
70214 307
70381 308
70464 309
70495 310
70537 311
70569 312
70608 313
70750 314
70771 315
70827 316
71159 317
71209 318
71252 319
71361 320
71433 321
71504 322
71578 323
71676 324
71723 325
71897 326
72114 327
72349 328
72400 329
72609 330
72693 331
72864 332
73019 333
73489 334
73584 335
73664 336
73874 337
74113 338
74165 339
74290 340
74372 341
74502 342
74521 343
74524 344
74585 345
74695 346
74734 347
75091 348
75107 349
75255 350
75309 351
75399 352
75427 353
75454 354
75728 355
76081 356
76536 357
76579 358
76949 359
77241 360
77367 361
77692 362
77744 363
77746 364
77763 365
77845 366
77995 367
77998 368
78170 369
78255 370
78645 371
79261 372
79403 373
79461 374
79610 375
79683 376
80329 377
80358 378
80438 379
80448 380
80491 381
80717 382
80745 383
80775 384
80868 385
80886 386
81216 387
81351 388
81536 389
81754 390
82088 391
82201 392
82341 393
82535 394
82556 395
82575 396
82741 397
82817 398
83219 399
83254 400
83453 401
83553 402
83603 403
84051 404
84245 405
84299 406
84541 407
84576 408
84604 409
84605 410
84664 411
84812 412
85092 413
85144 414
85241 415
85302 416
85304 417
85325 418
85874 419
86047 420
86291 421
86538 422
86669 423
87107 424
87152 425
87264 426
87322 427
87431 428
87732 429
87929 430
88340 431
88439 432
88490 433
88568 434
88758 435
88781 436
88910 437
89051 438
89092 439
89188 440
89545 441
89727 442
89778 443
89850 444
89895 445
89904 446
90243 447
90361 448
90537 449
90651 450
90836 451
90901 452
90979 453
91040 454
91164 455
91265 456
91322 457
91354 458
91470 459
91629 460
91801 461
92103 462
92274 463
92312 464
92341 465
92391 466
92775 467
92832 468
92947 469
92993 470
94484 471
94616 472
94749 473
94923 474
94961 475
94964 476
94978 477
95356 478
95746 479
95755 480
95906 481
96117 482
96291 483
96423 484
96475 485
96538 486
96592 487
96729 488
96864 489
96873 490
96874 491
96945 492
97006 493
97154 494
97486 495
97567 496
97865 497
97939 498
98094 499
98256 500
98268 501
98313 502
98452 503
98720 504
98842 505
99075 506
99088 507
99151 508
99609 509
99670 510
99799 511
99993 512
100064 513
100282 514
100561 515
100621 516
100788 517
100893 518
101116 519
101217 520
101279 521
101306 522
101420 523
101634 524
101781 525
102028 526
102067 527
102209 528
102221 529
102343 530
102806 531
102849 532
102850 533
102854 534
102952 535
103496 536
103535 537
103800 538
103891 539
103904 540
103998 541
104054 542
104213 543
104316 544
104476 545
104480 546
104643 547
104772 548
105125 549
105168 550
105413 551
105523 552
105527 553
105629 554
105851 555
105883 556
105939 557
106095 558
106247 559
106553 560
106577 561
106588 562
106690 563
106793 564
107028 565
107084 566
107162 567
107339 568
107455 569
107489 570
107713 571
107883 572
108118 573
108207 574
108281 575
108330 576
108377 577
108497 578
108565 579
108589 580
108760 581
108789 582
108799 583
108822 584
108834 585
108859 586
108872 587
108949 588
109155 589
109372 590
109441 591
109577 592
109772 593
109782 594
109938 595
110085 596
110116 597
110175 598
110200 599
110461 600
110524 601
110529 602
110640 603
110789 604
110820 605
110881 606
110911 607
111113 608
111360 609
111512 610
111548 611
111678 612
111717 613
111775 614
111926 615
111942 616
111959 617
112245 618
112441 619
112454 620
113295 621
113565 622
113698 623
113702 624
113824 625
114017 626
114367 627
114402 628
114500 629
114558 630
114999 631
115373 632
115452 633
116174 634
116290 635
116319 636
116499 637
116518 638
116529 639
116541 640
116603 641
116606 642
116621 643
116631 644
116692 645
116763 646
116808 647
117071 648
117197 649
117232 650
117281 651
117435 652
117510 653
117544 654
117545 655
117550 656
117699 657
117818 658
117862 659
117939 660
118050 661
118098 662
118176 663
118213 664
118474 665
118479 666
118532 667
118578 668
118668 669
118877 670
118887 671
118983 672
119310 673
119353 674
119444 675
119471 676
119729 677
119865 678
119898 679
119902 680
120236 681
120611 682
120994 683
120999 684
121000 685
121056 686
121163 687
121182 688
121349 689
121390 690
122337 691
122392 692
122459 693
122636 694
122739 695
122846 696
122928 697
123044 698
123053 699
123087 700
123183 701
123270 702
123462 703
123497 704
123598 705
123716 706
123860 707
123957 708
124006 709
124018 710
124064 711
124124 712
124134 713
124193 714
124304 715
124379 716
124387 717
124711 718
124728 719
124909 720
124944 721
125018 722
125055 723
125063 724
125407 725
125535 726
125777 727
125830 728
125874 729
125996 730
126074 731
126088 732
126322 733
126337 734
126394 735
126395 736
126411 737
126450 738
126608 739
126713 740
126769 741
126800 742
126812 743
127179 744
127580 745
127582 746
127642 747
127988 748
128072 749
128132 750
128142 751
128348 752
128386 753
128510 754
128656 755
128678 756
128723 757
128776 758
128791 759
128817 760
128889 761
128929 762
128965 763
128968 764
128971 765
129198 766
129212 767
129638 768
129878 769
129907 770
129955 771
129989 772
130003 773
130013 774
130034 775
130403 776
130409 777
130467 778
130547 779
130636 780
130658 781
130671 782
130837 783
130992 784
131051 785
131145 786
131152 787
131222 788
131235 789
131272 790
131314 791
131390 792
131538 793
131597 794
131609 795
131612 796
131663 797
131695 798
131776 799
131820 800
131933 801
132123 802
132157 803
132191 804
132401 805
132423 806
132453 807
132475 808
132477 809
132511 810
132626 811
132924 812
132932 813
132972 814
132976 815
133019 816
133068 817
133104 818
133155 819
133185 820
133322 821
133365 822
133419 823
133718 824
133748 825
133816 826
133922 827
134025 828
134123 829
134143 830
134188 831
134190 832
134212 833
134243 834
134260 835
134336 836
134563 837
134578 838
134721 839
134847 840
134851 841
134920 842
134982 843
135075 844
135280 845
135330 846
135331 847
135335 848
135385 849
135400 850
135471 851
135763 852
135792 853
135999 854
136054 855
136135 856
136335 857
136793 858
136894 859
136944 860
137150 861
137281 862
137603 863
137873 864
137903 865
138204 866
138289 867
138407 868
138416 869
138704 870
138709 871
138710 872
138715 873
138861 874
138920 875
138997 876
139033 877
139190 878
139206 879
139250 880
139278 881
139329 882
139455 883
139549 884
139701 885
139843 886
139949 887
140060 888
140108 889
140518 890
140719 891
140807 892
140866 893
140907 894
141182 895
141301 896
141355 897
141377 898
141430 899
141497 900
141506 901
141648 902
141766 903
141823 904
141827 905
141949 906
142092 907
142310 908
142324 909
142326 910
142339 911
142819 912
142935 913
142990 914
142998 915
143350 916
143711 917
143741 918
143755 919
144448 920
144562 921
144745 922
144747 923
144801 924
144895 925
144908 926
144923 927
144959 928
145114 929
145130 930
145188 931
145280 932
145282 933
145388 934
145490 935
145544 936
145578 937
145640 938
145770 939
146089 940
146125 941
146165 942
146188 943
146192 944
146455 945
146485 946
146503 947
146600 948
146651 949
146666 950
146679 951
146738 952
146943 953
146974 954
147168 955
147307 956
147328 957
147675 958
147715 959
147756 960
147793 961
147876 962
148008 963
148282 964
148328 965
148414 966
148427 967
148515 968
148931 969
148993 970
149178 971
149567 972
149680 973
149693 974
149741 975
149962 976
149964 977
150121 978
150282 979
150398 980
150578 981
150763 982
151358 983
151465 984
151549 985
151587 986
151697 987
151745 988
151800 989
151917 990
152153 991
152320 992
152428 993
152524 994
152587 995
152626 996
152668 997
152671 998
152867 999
152887 1000
152910 1001
152917 1002
152929 1003
152962 1004
152973 1005
153110 1006
153170 1007
153212 1008
153611 1009
153704 1010
153785 1011
153788 1012
154011 1013
154027 1014
154057 1015
154059 1016
154073 1017
154125 1018
154191 1019
154540 1020
154570 1021
154697 1022
155067 1023
155158 1024
155256 1025
155298 1026
155484 1027
155511 1028
155550 1029
155631 1030
155735 1031
155854 1032
155938 1033
155956 1034
155963 1035
155984 1036
156127 1037
156171 1038
156311 1039
156358 1040
156594 1041
156783 1042
156788 1043
156835 1044
157060 1045
157225 1046
157276 1047
157298 1048
157308 1049
157310 1050
157568 1051
157647 1052
157752 1053
157795 1054
158575 1055
158611 1056
158707 1057
158708 1058
158831 1059
159287 1060
159293 1061
159484 1062
159571 1063
159596 1064
159906 1065
159925 1066
159947 1067
159954 1068
160005 1069
160026 1070
160181 1071
160193 1072
160262 1073
160300 1074
160310 1075
160401 1076
160472 1077
160479 1078
160536 1079
160720 1080
160934 1081
160945 1082
160946 1083
161491 1084
161658 1085
161678 1086
161781 1087
161878 1088
162210 1089
162337 1090
162650 1091
162809 1092
162901 1093
162984 1094
163067 1095
163120 1096
163332 1097
163962 1098
163996 1099
164148 1100
164211 1101
164259 1102
164708 1103
164922 1104
164935 1105
164944 1106
164968 1107
165099 1108
165178 1109
165226 1110
165243 1111
165376 1112
165421 1113
165498 1114
165509 1115
165617 1116
165647 1117
165733 1118
165806 1119
165823 1120
165898 1121
165904 1122
166123 1123
166160 1124
166183 1125
166327 1126
166342 1127
166421 1128
166607 1129
166713 1130
166988 1131
167106 1132
167557 1133
167717 1134
167759 1135
167791 1136
167906 1137
167945 1138
167961 1139
168178 1140
168229 1141
168243 1142
168843 1143
168936 1144
169008 1145
169079 1146
169213 1147
169297 1148
169380 1149
169400 1150
169490 1151
169515 1152
169555 1153
169596 1154
169700 1155
169858 1156
169894 1157
169908 1158
170025 1159
170030 1160
170165 1161
170356 1162
170864 1163
170874 1164
170936 1165
170943 1166
171304 1167
171334 1168
171549 1169
171692 1170
171751 1171
171843 1172
171896 1173
172112 1174
172137 1175
172301 1176
172493 1177
172797 1178
172965 1179
173004 1180
173163 1181
173316 1182
173335 1183
173341 1184
173370 1185
173412 1186
173710 1187
173834 1188
174010 1189
174024 1190
174094 1191
174222 1192
174436 1193
174440 1194
174468 1195
174487 1196
174745 1197
174782 1198
174805 1199
175392 1200
175447 1201
175453 1202
175490 1203
175638 1204
175772 1205
175804 1206
175932 1207
175940 1208
175991 1209
176086 1210
176092 1211
177186 1212
177333 1213
177354 1214
177472 1215
177492 1216
177554 1217
177568 1218
177639 1219
177781 1220
177817 1221
177967 1222
177981 1223
178020 1224
178072 1225
178118 1226
178179 1227
178258 1228
178496 1229
178738 1230
178935 1231
178963 1232
179073 1233
179081 1234
179254 1235
179297 1236
179605 1237
179718 1238
179892 1239
179904 1240
180651 1241
180667 1242
180753 1243
180958 1244
180974 1245
180976 1246
181251 1247
181316 1248
181508 1249
181719 1250
181861 1251
181992 1252
182400 1253
182468 1254
182661 1255
182824 1256
182854 1257
183057 1258
183096 1259
183287 1260
183331 1261
183429 1262
183714 1263
183806 1264
183947 1265
184025 1266
184129 1267
184137 1268
184271 1269
184409 1270
184473 1271
184583 1272
184627 1273
184720 1274
184968 1275
184972 1276
185021 1277
185024 1278
185057 1279
185127 1280
185349 1281
185350 1282
185439 1283
185496 1284
185994 1285
186149 1286
186380 1287
186476 1288
186565 1289
186670 1290
186780 1291
186988 1292
187100 1293
187199 1294
187257 1295
187435 1296
187601 1297
187623 1298
187663 1299
187793 1300
188026 1301
188152 1302
188251 1303
188260 1304
188273 1305
188278 1306
188524 1307
188662 1308
188766 1309
188875 1310
189035 1311
189095 1312
189117 1313
189143 1314
189178 1315
189428 1316
189442 1317
189624 1318
189629 1319
189664 1320
189720 1321
189879 1322
190279 1323
190352 1324
190418 1325
190565 1326
190653 1327
190780 1328
190910 1329
190930 1330
191000 1331
191195 1332
191269 1333
191398 1334
191445 1335
191459 1336
191504 1337
191590 1338
191732 1339
191746 1340
191797 1341
191896 1342
191972 1343
191973 1344
191998 1345
192183 1346
192186 1347
192196 1348
192375 1349
192424 1350
192680 1351
192944 1352
193163 1353
193193 1354
193215 1355
193310 1356
193803 1357
193822 1358
193834 1359
194163 1360
195096 1361
195221 1362
195234 1363
195246 1364
195252 1365
195262 1366
195345 1367
195515 1368
195552 1369
195897 1370
195938 1371
195940 1372
196132 1373
196189 1374
196266 1375
197188 1376
197240 1377
197412 1378
197486 1379
197527 1380
197536 1381
197538 1382
197595 1383
197730 1384
197759 1385
198167 1386
198257 1387
198315 1388
198339 1389
198470 1390
198691 1391
198902 1392
198956 1393
199009 1394
199029 1395
199244 1396
199261 1397
199361 1398
199446 1399
199520 1400
199636 1401
199663 1402
199760 1403
199782 1404
199897 1405
200095 1406
200278 1407
200372 1408
200588 1409
200773 1410
200804 1411
200860 1412
200863 1413
200905 1414
200957 1415
201151 1416
201327 1417
201425 1418
201431 1419
202138 1420
202394 1421
202487 1422
202489 1423
202506 1424
202606 1425
202635 1426
202677 1427
202713 1428
202879 1429
203050 1430
203066 1431
203108 1432
203149 1433
203442 1434
203481 1435
203568 1436
203640 1437
203652 1438
203707 1439
203963 1440
204117 1441
204182 1442
204410 1443
204505 1444
204609 1445
204725 1446
204738 1447
204745 1448
204746 1449
204996 1450
205350 1451
205398 1452
205417 1453
205425 1454
205442 1455
205494 1456
205719 1457
205788 1458
206003 1459
206245 1460
206342 1461
206599 1462
226374 1463
226747 1464
226827 1465
226839 1466
226879 1467
226890 1468
226895 1469
226955 1470
227020 1471
227167 1472
227192 1473
227254 1474
227297 1475
227401 1476
227416 1477
227491 1478
227499 1479
227517 1480
227752 1481
227826 1482
228021 1483
228049 1484
228082 1485
228138 1486
228153 1487
228222 1488
228242 1489
228258 1490
228272 1491
228373 1492
228383 1493
228481 1494
228633 1495
228695 1496
228703 1497
228729 1498
228775 1499
228784 1500
228824 1501
228888 1502
228909 1503
229057 1504
229179 1505
229240 1506
229326 1507
229361 1508
229417 1509
229426 1510
229498 1511
229499 1512
230052 1513
230081 1514
230279 1515
230383 1516
230510 1517
230656 1518
230684 1519
230761 1520
230947 1521
231017 1522
231019 1523
231024 1524
231320 1525
231339 1526
231554 1527
231572 1528
231606 1529
231697 1530
231959 1531
231973 1532
232072 1533
232078 1534
232173 1535
232286 1536
232307 1537
232347 1538
232480 1539
232539 1540
232660 1541
232675 1542
232695 1543
232764 1544
232827 1545
232833 1546
232856 1547
233087 1548
233095 1549
233102 1550
233153 1551
233311 1552
233317 1553
233335 1554
233389 1555
233444 1556
233685 1557
233752 1558
233771 1559
233868 1560
233873 1561
233957 1562
234004 1563
234031 1564
234068 1565
234196 1566
234311 1567
234406 1568
234552 1569
234559 1570
234609 1571
234661 1572
234727 1573
234740 1574
234796 1575
234827 1576
234859 1577
234929 1578
234957 1579
234978 1580
235068 1581
235097 1582
235121 1583
235131 1584
235258 1585
235371 1586
235380 1587
235428 1588
235492 1589
235507 1590
235584 1591
235670 1592
235706 1593
235747 1594
235768 1595
235777 1596
235893 1597
235971 1598
235978 1599
236015 1600
236017 1601
236090 1602
236150 1603
236161 1604
236205 1605
236284 1606
236498 1607
236512 1608
236620 1609
236844 1610
236857 1611
236875 1612
236953 1613
237182 1614
237274 1615
237304 1616
237370 1617
237387 1618
237401 1619
237418 1620
237506 1621
237602 1622
237808 1623
237891 1624
237913 1625
237921 1626
237925 1627
237934 1628
237953 1629
238007 1630
238144 1631
238150 1632
238255 1633
238301 1634
238519 1635
238800 1636
238901 1637
238983 1638
239095 1639
239345 1640
239459 1641
239540 1642
239707 1643
239748 1644
239751 1645
239908 1646
240024 1647
240186 1648
240236 1649
240389 1650
240486 1651
240641 1652
240712 1653
240755 1654
240884 1655
240936 1656
240993 1657
241039 1658
241066 1659
241166 1660
241338 1661
241649 1662
241700 1663
241728 1664
241729 1665
241769 1666
241771 1667
241792 1668
241922 1669
241955 1670
242149 1671
242254 1672
242390 1673
242472 1674
242491 1675
242633 1676
242636 1677
242778 1678
242793 1679
242858 1680
242893 1681
242998 1682
243025 1683
243358 1684
243372 1685
243396 1686
243510 1687
243600 1688
243657 1689
243851 1690
243909 1691
243926 1692
243992 1693
244064 1694
244114 1695
244166 1696
244205 1697
244246 1698
244438 1699
244738 1700
244816 1701
244875 1702
244902 1703
244918 1704
244919 1705
244961 1706
244977 1707
245217 1708
245283 1709
245316 1710
245404 1711
245494 1712
245600 1713
245605 1714
245653 1715
245784 1716
245802 1717
245946 1718
245987 1719
246060 1720
246112 1721
246248 1722
246652 1723
246829 1724
246834 1725
247267 1726
247292 1727
247304 1728
247342 1729
247457 1730
247513 1731
247653 1732
247666 1733
247819 1734
247856 1735
247902 1736
247940 1737
247967 1738
248103 1739
248252 1740
248270 1741
248511 1742
248581 1743
248653 1744
248695 1745
248716 1746
248800 1747
248818 1748
248882 1749
248961 1750
248994 1751
249154 1752
249357 1753
249359 1754
249362 1755
249423 1756
249534 1757
249570 1758
249704 1759
249750 1760
249965 1761
249996 1762
250047 1763
250092 1764
250123 1765
250159 1766
250163 1767
250644 1768
251166 1769
251351 1770
251375 1771
251385 1772
251405 1773
251815 1774
251916 1775
251965 1776
251999 1777
252041 1778
252073 1779
252095 1780
252149 1781
252257 1782
252340 1783
252489 1784
252652 1785
252863 1786
253013 1787
253208 1788
253250 1789
253496 1790
253567 1791
253577 1792
253579 1793
253633 1794
253763 1795
253767 1796
253859 1797
254044 1798
254162 1799
254325 1800
254417 1801
254446 1802
254463 1803
254612 1804
254625 1805
255140 1806
255310 1807
255344 1808
255347 1809
255449 1810
255548 1811
255622 1812
255747 1813
255878 1814
255902 1815
255998 1816
256144 1817
256532 1818
256680 1819
256740 1820
256815 1821
256867 1822
256905 1823
256998 1824
257104 1825
257110 1826
257167 1827
257887 1828
257970 1829
258010 1830
258035 1831
258042 1832
258245 1833
258268 1834
258310 1835
258392 1836
258402 1837
258509 1838
258538 1839
258587 1840
258737 1841
258840 1842
258894 1843
258978 1844
259060 1845
259641 1846
259662 1847
259750 1848
259951 1849
260062 1850
260077 1851
260137 1852
260179 1853
260216 1854
260275 1855
260355 1856
260491 1857
260565 1858
260623 1859
260639 1860
260949 1861
260955 1862
261160 1863
261205 1864
261265 1865
261332 1866
261335 1867
261342 1868
261466 1869
261495 1870
261525 1871
261615 1872
261718 1873
261863 1874
262011 1875
262025 1876
262294 1877
262385 1878
262391 1879
262394 1880
262396 1881
262403 1882
262454 1883
262639 1884
262741 1885
262934 1886
263150 1887
263251 1888
263341 1889
263448 1890
263499 1891
263524 1892
263543 1893
263697 1894
263862 1895
263952 1896
264106 1897
264151 1898
264152 1899
264159 1900
264164 1901
264281 1902
264298 1903
264589 1904
264694 1905
264715 1906
264723 1907
264732 1908
264744 1909
264845 1910
265112 1911
265170 1912
265268 1913
265466 1914
265497 1915
265769 1916
265855 1917
265958 1918
265978 1919
266040 1920
266097 1921
266286 1922
266331 1923
266450 1924
266514 1925
266524 1926
266536 1927
266558 1928
266559 1929
266564 1930
266626 1931
266744 1932
266757 1933
266762 1934
266858 1935
266915 1936
266922 1937
267118 1938
267602 1939
267619 1940
267761 1941
267774 1942
267853 1943
267871 1944
267961 1945
268018 1946
268073 1947
268143 1948
268153 1949
268301 1950
268343 1951
268391 1952
268589 1953
268649 1954
268733 1955
268817 1956
268823 1957
268845 1958
268883 1959
268915 1960
269065 1961
269076 1962
269082 1963
269204 1964
269220 1965
269243 1966
269245 1967
269388 1968
269508 1969
269510 1970
269575 1971
269584 1972
269593 1973
269676 1974
269677 1975
269730 1976
269764 1977
269856 1978
270393 1979
270399 1980
270421 1981
270435 1982
270468 1983
270493 1984
270502 1985
270567 1986
270638 1987
270646 1988
270764 1989
270814 1990
270988 1991
271036 1992
271047 1993
271206 1994
271251 1995
271274 1996
271346 1997
271467 1998
271526 1999
271974 2000
272000 2001
272172 2002
272313 2003
272580 2004
272617 2005
272623 2006
272701 2007
272704 2008
273339 2009
273346 2010
273442 2011
273605 2012
273731 2013
273782 2014
273877 2015
274218 2016
274247 2017
274443 2018
274712 2019
274947 2020
274964 2021
274967 2022
274971 2023
275006 2024
275112 2025
275127 2026
275136 2027
275151 2028
275162 2029
275180 2030
275232 2031
275296 2032
275297 2033
275309 2034
275674 2035
275711 2036
275792 2037
275882 2038
276265 2039
276314 2040
276337 2041
276388 2042
276717 2043
276808 2044
276830 2045
276857 2046
276893 2047
276925 2048
276935 2049
277044 2050
277123 2051
277166 2052
277384 2053
277412 2054
277537 2055
277577 2056
277596 2057
277729 2058
277733 2059
277812 2060
277880 2061
277967 2062
278155 2063
278272 2064
278282 2065
278380 2066
278413 2067
278447 2068
278600 2069
278786 2070
278794 2071
278861 2072
278955 2073
278962 2074
279085 2075
279117 2076
279238 2077
279440 2078
279572 2079
279653 2080
279747 2081
279750 2082
279755 2083
279839 2084
279868 2085
279879 2086
279883 2087
280017 2088
280054 2089
280140 2090
280151 2091
280152 2092
280541 2093
280962 2094
281022 2095
281077 2096
281118 2097
281134 2098
281172 2099
281250 2100
281252 2101
281261 2102
281271 2103
281564 2104
281589 2105
281619 2106
281636 2107
281638 2108
281651 2109
281656 2110
281799 2111
281801 2112
281920 2113
281970 2114
282038 2115
282193 2116
282317 2117
282385 2118
282388 2119
282498 2120
282585 2121
282713 2122
282785 2123
282806 2124
282821 2125
282849 2126
282879 2127
282962 2128
282975 2129
283035 2130
283050 2131
283055 2132
283131 2133
283133 2134
283230 2135
283348 2136
283402 2137
283535 2138
283564 2139
283618 2140
283783 2141
283798 2142
283953 2143
283978 2144
284036 2145
284076 2146
284095 2147
284246 2148
284326 2149
284395 2150
284540 2151
284593 2152
284636 2153
284734 2154
284741 2155
284742 2156
284762 2157
284812 2158
284906 2159
285050 2160
285085 2161
285096 2162
285170 2163
285193 2164
285223 2165
285315 2166
285391 2167
285412 2168
285470 2169
285475 2170
285481 2171
285557 2172
285567 2173
285633 2174
285637 2175
285705 2176
285861 2177
285912 2178
285934 2179
285996 2180
286067 2181
286160 2182
286262 2183
286338 2184
286402 2185
286422 2186
286442 2187
286449 2188
286484 2189
286488 2190
286527 2191
286658 2192
286690 2193
286762 2194
286778 2195
286842 2196
286914 2197
286947 2198
287040 2199
287079 2200
287099 2201
287107 2202
287204 2203
287210 2204
287258 2205
287309 2206
287432 2207
287526 2208
287548 2209
287679 2210
287715 2211
287783 2212
287897 2213
287954 2214
288086 2215
288282 2216
288380 2217
288407 2218
288655 2219
288769 2220
288967 2221
288990 2222
288994 2223
289009 2224
289108 2225
289221 2226
289247 2227
289304 2228
289397 2229
289449 2230
289529 2231
289564 2232
289618 2233
289676 2234
289753 2235
289826 2236
289965 2237
290043 2238
290089 2239
290164 2240
290184 2241
290201 2242
290252 2243
290371 2244
290382 2245
290521 2246
290550 2247
290658 2248
290757 2249
290854 2250
290914 2251
291005 2252
291037 2253
291133 2254
291156 2255
291159 2256
291194 2257
291237 2258
291334 2259
291516 2260
291544 2261
291674 2262
291745 2263
291805 2264
291844 2265
291848 2266
291937 2267
291960 2268
292027 2269
292136 2270
292525 2271
292537 2272
292694 2273
292713 2274
292741 2275
292775 2276
293162 2277
293317 2278
293321 2279
293387 2280
293454 2281
293670 2282
293686 2283
293699 2284
293712 2285
293754 2286
293760 2287
293824 2288
293853 2289
293989 2290
293992 2291
294112 2292
294134 2293
294219 2294
294364 2295
294381 2296
294496 2297
294513 2298
294570 2299
294594 2300
294655 2301
294679 2302
294920 2303
294929 2304
294961 2305
294999 2306
295060 2307
295075 2308
295118 2309
295255 2310
295728 2311
295741 2312
295754 2313
295893 2314
296100 2315
296138 2316
296222 2317
296232 2318
296332 2319
296411 2320
296424 2321
296725 2322
296849 2323
296904 2324
296911 2325
296993 2326
297014 2327
297166 2328
297179 2329
297218 2330
297341 2331
297382 2332
297484 2333
297685 2334
297806 2335
297853 2336
297990 2337
298034 2338
298040 2339
298148 2340
298186 2341
298187 2342
298303 2343
298322 2344
298402 2345
298476 2346
298497 2347
298696 2348
298777 2349
298838 2350
298911 2351
298961 2352
299027 2353
299237 2354
299281 2355
299473 2356
299536 2357
299707 2358
299886 2359
299949 2360
300057 2361
300059 2362
300264 2363
300398 2364
300508 2365
300592 2366
300594 2367
300611 2368
300819 2369
301036 2370
301074 2371
301232 2372
301298 2373
301498 2374
301561 2375
301583 2376
301967 2377
301987 2378
302071 2379
302145 2380
302302 2381
302363 2382
302476 2383
302522 2384
302566 2385
302924 2386
303141 2387
303165 2388
303218 2389
303288 2390
303331 2391
303341 2392
303521 2393
303582 2394
303595 2395
303617 2396
303937 2397
303985 2398
304069 2399
304106 2400
304240 2401
304465 2402
304500 2403
304589 2404
304607 2405
304734 2406
304893 2407
305036 2408
305064 2409
305152 2410
305173 2411
305313 2412
305373 2413
305386 2414
305535 2415
305539 2416
305659 2417
305702 2418
305783 2419
305792 2420
305812 2421
305858 2422
305876 2423
305909 2424
305918 2425
305935 2426
305945 2427
306107 2428
306150 2429
306202 2430
306466 2431
306478 2432
306610 2433
306646 2434
306880 2435
306886 2436
306897 2437
306944 2438
306964 2439
306984 2440
307061 2441
307116 2442
307158 2443
307230 2444
307245 2445
307290 2446
307291 2447
307297 2448
307386 2449
307676 2450
307689 2451
307866 2452
307932 2453
307953 2454
308231 2455
308345 2456
308359 2457
308363 2458
308391 2459
308509 2460
308589 2461
308703 2462
308707 2463
308767 2464
308775 2465
308807 2466
308850 2467
308852 2468
308918 2469
308953 2470
309048 2471
309118 2472
309142 2473
309150 2474
309175 2475
309258 2476
309350 2477
309580 2478
309709 2479
309734 2480
309756 2481
309893 2482
310088 2483
310125 2484
310205 2485
310280 2486
310412 2487
310646 2488
310765 2489
310865 2490
310933 2491
310968 2492
311042 2493
311117 2494
311151 2495
311158 2496
311235 2497
311332 2498
311474 2499
311599 2500
311616 2501
311659 2502
311845 2503
311862 2504
311877 2505
311889 2506
311917 2507
312061 2508
312126 2509
312141 2510
312231 2511
312518 2512
312537 2513
312760 2514
312761 2515
312782 2516
312886 2517
312960 2518
313206 2519
313243 2520
313246 2521
313501 2522
313561 2523
313700 2524
313756 2525
313810 2526
313925 2527
313937 2528
313975 2529
314252 2530
314507 2531
314548 2532
314555 2533
314675 2534
314776 2535
314801 2536
314850 2537
314956 2538
315025 2539
315076 2540
315082 2541
315105 2542
315186 2543
315322 2544
315388 2545
315517 2546
315625 2547
315723 2548
315728 2549
315730 2550
315744 2551
315795 2552
315808 2553
315850 2554
315909 2555
315945 2556
316061 2557
316076 2558
316082 2559
316091 2560
316098 2561
316227 2562
316289 2563
316327 2564
316541 2565
316772 2566
316841 2567
317096 2568
317394 2569
317399 2570
317801 2571
318056 2572
318068 2573
318101 2574
318139 2575
318147 2576
318241 2577
318500 2578
318574 2579
318627 2580
318769 2581
318794 2582
318848 2583
318855 2584
318876 2585
318919 2586
318933 2587
318977 2588
319042 2589
319047 2590
319073 2591
319209 2592
319325 2593
319331 2594
319461 2595
319479 2596
319492 2597
319563 2598
319578 2599
319606 2600
319618 2601
319884 2602
320014 2603
320051 2604
320133 2605
320153 2606
320251 2607
320363 2608
320437 2609
320593 2610
320612 2611
320757 2612
320963 2613
321096 2614
321121 2615
321346 2616
321450 2617
321486 2618
321525 2619
321744 2620
321810 2621
321942 2622
321952 2623
321969 2624
322106 2625
322137 2626
322184 2627
322325 2628
322499 2629
322509 2630
322574 2631
322641 2632
322728 2633
322844 2634
322907 2635
322960 2636
322985 2637
323090 2638
323146 2639
323370 2640
323480 2641
323606 2642
323659 2643
323680 2644
323809 2645
323940 2646
323984 2647
324002 2648
324084 2649
324095 2650
324236 2651
324257 2652
324268 2653
324282 2654
324305 2655
324319 2656
324331 2657
324332 2658
324338 2659
324447 2660
324614 2661
324672 2662
324691 2663
324773 2664
324907 2665
324948 2666
325044 2667
325080 2668
325089 2669
325308 2670
325368 2671
325497 2672
325511 2673
325518 2674
325565 2675
325566 2676
325750 2677
325879 2678
325887 2679
325909 2680
326012 2681
326056 2682
327003 2683
327024 2684
327057 2685
327224 2686
327449 2687
327616 2688
327641 2689
327650 2690
327664 2691
327797 2692
327997 2693
328024 2694
328123 2695
328173 2696
328241 2697
328261 2698
328377 2699
328476 2700
328674 2701
328797 2702
328844 2703
328942 2704
329030 2705
329095 2706
329192 2707
329226 2708
329321 2709
329455 2710
329655 2711
329659 2712
329673 2713
329689 2714
329800 2715
329895 2716
329967 2717
330067 2718
330177 2719
330192 2720
330347 2721
330376 2722
330453 2723
330530 2724
330594 2725
330682 2726
330723 2727
330862 2728
330917 2729
330937 2730
330952 2731
330966 2732
330994 2733
331039 2734
331107 2735
331156 2736
331232 2737
331315 2738
331318 2739
331351 2740
331354 2741
331358 2742
331404 2743
331417 2744
331526 2745
331622 2746
331789 2747
331844 2748
331883 2749
332237 2750
332257 2751
332309 2752
332436 2753
332668 2754
332715 2755
332726 2756
332789 2757
332884 2758
332945 2759
333059 2760
333117 2761
333129 2762
333155 2763
333308 2764
333323 2765
333346 2766
333493 2767
333637 2768
333651 2769
333710 2770
333832 2771
333837 2772
333856 2773
333976 2774
333993 2775
334023 2776
334048 2777
334134 2778
334154 2779
334224 2780
334225 2781
334255 2782
334257 2783
334259 2784
334291 2785
334294 2786
334333 2787
334441 2788
334476 2789
334504 2790
334565 2791
334581 2792
334669 2793
334794 2794
334973 2795
334981 2796
335018 2797
335020 2798
335035 2799
335095 2800
335136 2801
335242 2802
335247 2803
335264 2804
335355 2805
335401 2806
335405 2807
335421 2808
335471 2809
335476 2810
335481 2811
335553 2812
335562 2813
335582 2814
335600 2815
335607 2816
335644 2817
335648 2818
335726 2819
335764 2820
335910 2821
335914 2822
335922 2823
336014 2824
336037 2825
336112 2826
336131 2827
336163 2828
336165 2829
336207 2830
336213 2831
336218 2832
336258 2833
336277 2834
336356 2835
336362 2836
336398 2837
336402 2838
336478 2839
336646 2840
336684 2841
336695 2842
336696 2843
336772 2844
336936 2845
337000 2846
337048 2847
337151 2848
337189 2849
337359 2850
337414 2851
337615 2852
337748 2853
337940 2854
338034 2855
338056 2856
338076 2857
338089 2858
338113 2859
338168 2860
338373 2861
338407 2862
338446 2863
338536 2864
338554 2865
338604 2866
338669 2867
338689 2868
338704 2869
338731 2870
338741 2871
338806 2872
338854 2873
338861 2874
338894 2875
338958 2876
338975 2877
338983 2878
339235 2879
339379 2880
339381 2881
339481 2882
339494 2883
339513 2884
339519 2885
339526 2886
339608 2887
339624 2888
339640 2889
339645 2890
339727 2891
339728 2892
339739 2893
339785 2894
339824 2895
339853 2896
339855 2897
339924 2898
339946 2899
339972 2900
340010 2901
340216 2902
340242 2903
340378 2904
340399 2905
340486 2906
340496 2907
340592 2908
340627 2909
340647 2910
340751 2911
340831 2912
340850 2913
340899 2914
340911 2915
340965 2916
341010 2917
341040 2918
341044 2919
341093 2920
341096 2921
341229 2922
341361 2923
341457 2924
341470 2925
341509 2926
341611 2927
341629 2928
341839 2929
341854 2930
341855 2931
341872 2932
341876 2933
341921 2934
342007 2935
342017 2936
342089 2937
342100 2938
342125 2939
342155 2940
342176 2941
342187 2942
342192 2943
342208 2944
342234 2945
342303 2946
342387 2947
342475 2948
342483 2949
342514 2950
342685 2951
342697 2952
342799 2953
342946 2954
342949 2955
342953 2956
342957 2957
342962 2958
342972 2959
342974 2960
343053 2961
343138 2962
343238 2963
343419 2964
343446 2965
343543 2966
343655 2967
343658 2968
343709 2969
343781 2970
343828 2971
343911 2972
343913 2973
344098 2974
344199 2975
344282 2976
344367 2977
344396 2978
344409 2979
344451 2980
344474 2981
344568 2982
344676 2983
344740 2984
344787 2985
344873 2986
345064 2987
345068 2988
345083 2989
345128 2990
345256 2991
345257 2992
345271 2993
345288 2994
345313 2995
345357 2996
345440 2997
345442 2998
345455 2999
345519 3000
345568 3001
345881 3002
346025 3003
346093 3004
346118 3005
346207 3006
346333 3007
346843 3008
346853 3009
347197 3010
347210 3011
347365 3012
347484 3013
347518 3014
347764 3015
347809 3016
347864 3017
348050 3018
348108 3019
348159 3020
348275 3021
348288 3022
348324 3023
348351 3024
348378 3025
348439 3026
348547 3027
348579 3028
348602 3029
348655 3030
348708 3031
348717 3032
348771 3033
348783 3034
348790 3035
348807 3036
348837 3037
348855 3038
348906 3039
348986 3040
349040 3041
349069 3042
349093 3043
349145 3044
349182 3045
349219 3046
349247 3047
349258 3048
349359 3049
349360 3050
349424 3051
349515 3052
349554 3053
349675 3054
349676 3055
349688 3056
349710 3057
349777 3058
349908 3059
349910 3060
349924 3061
350156 3062
350164 3063
350188 3064
350267 3065
350312 3066
350398 3067
350622 3068
350644 3069
350660 3070
350690 3071
350795 3072
350797 3073
350929 3074
350939 3075
350944 3076
350949 3077
351034 3078
351050 3079
351080 3080
351147 3081
351170 3082
351181 3083
351244 3084
351271 3085
351290 3086
351293 3087
351328 3088
351336 3089
351378 3090
351500 3091
351505 3092
351512 3093
351543 3094
351577 3095
351775 3096
351903 3097
352009 3098
352051 3099
352102 3100
352112 3101
352152 3102
352161 3103
352308 3104
352339 3105
352364 3106
352382 3107
352637 3108
352641 3109
352679 3110
352688 3111
352771 3112
352953 3113
352954 3114
353018 3115
353093 3116
353221 3117
353352 3118
353368 3119
353660 3120
353665 3121
353790 3122
353804 3123
353953 3124
353969 3125
353979 3126
354050 3127
354058 3128
354121 3129
354170 3130
354171 3131
354173 3132
354550 3133
354552 3134
354607 3135
354688 3136
354698 3137
354713 3138
354779 3139
354858 3140
354895 3141
354953 3142
354984 3143
354988 3144
354992 3145
355034 3146
355049 3147
355143 3148
355147 3149
355293 3150
355309 3151
355335 3152
355369 3153
355510 3154
355617 3155
355643 3156
355663 3157
355738 3158
355780 3159
355935 3160
355998 3161
356166 3162
356170 3163
356257 3164
356274 3165
356297 3166
356371 3167
356386 3168
356397 3169
356523 3170
356561 3171
356568 3172
356705 3173
356735 3174
357030 3175
357176 3176
357214 3177
357219 3178
357297 3179
357576 3180
357668 3181
357820 3182
357851 3183
357901 3184
357928 3185
357942 3186
358001 3187
358054 3188
358075 3189
358182 3190
358204 3191
358341 3192
358504 3193
358522 3194
358578 3195
358808 3196
358956 3197
358966 3198
359114 3199
359149 3200
359156 3201
359417 3202
359438 3203
359460 3204
359590 3205
359640 3206
359645 3207
359657 3208
359728 3209
359855 3210
359883 3211
359943 3212
359958 3213
360024 3214
360188 3215
360190 3216
360266 3217
360278 3218
360483 3219
360489 3220
360492 3221
360547 3222
360581 3223
360683 3224
360726 3225
360747 3226
360752 3227
360759 3228
360876 3229
360877 3230
360938 3231
360986 3232
361209 3233
361243 3234
361282 3235
361410 3236
361411 3237
361603 3238
361837 3239
361842 3240
361889 3241
362037 3242
362115 3243
362140 3244
362223 3245
362374 3246
362548 3247
362647 3248
362661 3249
362668 3250
362760 3251
362877 3252
363110 3253
363122 3254
363213 3255
363273 3256
363374 3257
363396 3258
363401 3259
363416 3260
363660 3261
363738 3262
363749 3263
363773 3264
363906 3265
363939 3266
363990 3267
364021 3268
364066 3269
364073 3270
364103 3271
364177 3272
364239 3273
364307 3274
364322 3275
364405 3276
364527 3277
364547 3278
364666 3279
364770 3280
364790 3281
364871 3282
364920 3283
364957 3284
364974 3285
365060 3286
365084 3287
365097 3288
365111 3289
365169 3290
365192 3291
365222 3292
365239 3293
365244 3294
365288 3295
365375 3296
365397 3297
365405 3298
365439 3299
365452 3300
365488 3301
365631 3302
365642 3303
365661 3304
365701 3305
365707 3306
365762 3307
365764 3308
365782 3309
365860 3310
365893 3311
365939 3312
365993 3313
366024 3314
366140 3315
366164 3316
366267 3317
366310 3318
366367 3319
366371 3320
366424 3321
366449 3322
366479 3323
366483 3324
366492 3325
366524 3326
366535 3327
366649 3328
366771 3329
366836 3330
366873 3331
366936 3332
366987 3333
367045 3334
367127 3335
367151 3336
367304 3337
367309 3338
367348 3339
367352 3340
367433 3341
367510 3342
367535 3343
367605 3344
367609 3345
367646 3346
367696 3347
367815 3348
367898 3349
368077 3350
368106 3351
368194 3352
368195 3353
368245 3354
368306 3355
368315 3356
368436 3357
368439 3358
368483 3359
368507 3360
368521 3361
368675 3362
368741 3363
368749 3364
368824 3365
368876 3366
368886 3367
368935 3368
368963 3369
368969 3370
369119 3371
369208 3372
369234 3373
369242 3374
369319 3375
369378 3376
369450 3377
369507 3378
369610 3379
369644 3380
369713 3381
369715 3382
369811 3383
369834 3384
369908 3385
369942 3386
369986 3387
370008 3388
370089 3389
370100 3390
370129 3391
370184 3392
370274 3393
370294 3394
370302 3395
370307 3396
370312 3397
370336 3398
370367 3399
370375 3400
370512 3401
370720 3402
370735 3403
370839 3404
370859 3405
370865 3406
370920 3407
370949 3408
371019 3409
371044 3410
371113 3411
371133 3412
371168 3413
371169 3414
371184 3415
371247 3416
371362 3417
371402 3418
371429 3419
371439 3420
371526 3421
371530 3422
371679 3423
371710 3424
371787 3425
371810 3426
371831 3427
371869 3428
371888 3429
371901 3430
371949 3431
372141 3432
372172 3433
372234 3434
372262 3435
372345 3436
372509 3437
372511 3438
372577 3439
372602 3440
372658 3441
372691 3442
372812 3443
372837 3444
372997 3445
373126 3446
373135 3447
373174 3448
373237 3449
373269 3450
373280 3451
373369 3452
373613 3453
373790 3454
373795 3455
373807 3456
373846 3457
373848 3458
373872 3459
374028 3460
374038 3461
374055 3462
374102 3463
374192 3464
374234 3465
374266 3466
374353 3467
374515 3468
374636 3469
374645 3470
374739 3471
374747 3472
374756 3473
375260 3474
375300 3475
375527 3476
375600 3477
375646 3478
375688 3479
375711 3480
375717 3481
375856 3482
375882 3483
375960 3484
375993 3485
376067 3486
376109 3487
376117 3488
376280 3489
376439 3490
376581 3491
376617 3492
376701 3493
376758 3494
376868 3495
377046 3496
377244 3497
377274 3498
377469 3499
377546 3500
377705 3501
377759 3502
377846 3503
377905 3504
378388 3505
378462 3506
378543 3507
378576 3508
378705 3509
378721 3510
378728 3511
378809 3512
378825 3513
378884 3514
378920 3515
378946 3516
378950 3517
378953 3518
379023 3519
379042 3520
379070 3521
379107 3522
379113 3523
379124 3524
379185 3525
379199 3526
379210 3527
379212 3528
379234 3529
379255 3530
379265 3531
379278 3532
379311 3533
379330 3534
379336 3535
379402 3536
379406 3537
379528 3538
379558 3539
379563 3540
379720 3541
379769 3542
379843 3543
379844 3544
379861 3545
379983 3546
380138 3547
380151 3548
380184 3549
380204 3550
380205 3551
380238 3552
380239 3553
380240 3554
380253 3555
380341 3556
380429 3557
380435 3558
380515 3559
380599 3560
380662 3561
380668 3562
380681 3563
380710 3564
380894 3565
380919 3566
380921 3567
380952 3568
380953 3569
381058 3570
381185 3571
381240 3572
381257 3573
381365 3574
381414 3575
381428 3576
381439 3577
381528 3578
381529 3579
381533 3580
381539 3581
381541 3582
381544 3583
381586 3584
381642 3585
381646 3586
381669 3587
381722 3588
381882 3589
381909 3590
381917 3591
381927 3592
381959 3593
381983 3594
382051 3595
382095 3596
382125 3597
382156 3598
382160 3599
382339 3600
382378 3601
382408 3602
382432 3603
382497 3604
382575 3605
382641 3606
382738 3607
382742 3608
382857 3609
382877 3610
382879 3611
382910 3612
382920 3613
382947 3614
382979 3615
383018 3616
383140 3617
383158 3618
383180 3619
383239 3620
383241 3621
383254 3622
383303 3623
383311 3624
383316 3625
383347 3626
383372 3627
383388 3628
383420 3629
383445 3630
383517 3631
383541 3632
383558 3633
383571 3634
383600 3635
383602 3636
383608 3637
383629 3638
383643 3639
383694 3640
383701 3641
383723 3642
383748 3643
383778 3644
383785 3645
383828 3646
383907 3647
383921 3648
383946 3649
383967 3650
383971 3651
383978 3652
384026 3653
384035 3654
384106 3655
384107 3656
384153 3657
384203 3658
384227 3659
384246 3660
384266 3661
384295 3662
384372 3663
384499 3664
384636 3665
384678 3666
384725 3667
384797 3668
384866 3669
384884 3670
384909 3671
384999 3672
385019 3673
385033 3674
385034 3675
385040 3676
385120 3677
385195 3678
385209 3679
385218 3680
385228 3681
385341 3682
385387 3683
385405 3684
385495 3685
385547 3686
385563 3687
385578 3688
385681 3689
385820 3690
385927 3691
385937 3692
385947 3693
385980 3694
386121 3695
386140 3696
386180 3697
386189 3698
386348 3699
386374 3700
386389 3701
386671 3702
386833 3703
386849 3704
386880 3705
386889 3706
386912 3707
386924 3708
386952 3709
386956 3710
386985 3711
387009 3712
387174 3713
387289 3714
387294 3715
387335 3716
387359 3717
387364 3718
387406 3719
387446 3720
387447 3721
387507 3722
387533 3723
387537 3724
387550 3725
387635 3726
387648 3727
387656 3728
387700 3729
387702 3730
387773 3731
387941 3732
387944 3733
387954 3734
387963 3735
388052 3736
388147 3737
388205 3738
388252 3739
388259 3740
388323 3741
388360 3742
388410 3743
388432 3744
388484 3745
388538 3746
388549 3747
388697 3748
388708 3749
388722 3750
388738 3751
388750 3752
388754 3753
388885 3754
388912 3755
388923 3756
388947 3757
388975 3758
389025 3759
389076 3760
389101 3761
389208 3762
389249 3763
389250 3764
389267 3765
389362 3766
389369 3767
389471 3768
389639 3769
389759 3770
389773 3771
389853 3772
390026 3773
390029 3774
390070 3775
390210 3776
390220 3777
390233 3778
390332 3779
390400 3780
390440 3781
390442 3782
390461 3783
390556 3784
390690 3785
390849 3786
390890 3787
390942 3788
390958 3789
391059 3790
391114 3791
391153 3792
391185 3793
391187 3794
391249 3795
391301 3796
391343 3797
391419 3798
391466 3799
391537 3800
391572 3801
391578 3802
391611 3803
391613 3804
391630 3805
391638 3806
391822 3807
391891 3808
391924 3809
391937 3810
392021 3811
392060 3812
392207 3813
392210 3814
392213 3815
392215 3816
392281 3817
392427 3818
392428 3819
392526 3820
392604 3821
392614 3822
392626 3823
392664 3824
392691 3825
392692 3826
392713 3827
392733 3828
392756 3829
392802 3830
392890 3831
392931 3832
392994 3833
393094 3834
393131 3835
393141 3836
393142 3837
393150 3838
393207 3839
393327 3840
393451 3841
393488 3842
393526 3843
393682 3844
393698 3845
393727 3846
393827 3847
393918 3848
393934 3849
394020 3850
394024 3851
394028 3852
394060 3853
394067 3854
394076 3855
394082 3856
394218 3857
394239 3858
394311 3859
394314 3860
394331 3861
394341 3862
394347 3863
394384 3864
394480 3865
394520 3866
394791 3867
394937 3868
394951 3869
394956 3870
394979 3871
395010 3872
395073 3873
395107 3874
395164 3875
395169 3876
395188 3877
395229 3878
395288 3879
395320 3880
395367 3881
395373 3882
395374 3883
395463 3884
395535 3885
395588 3886
395696 3887
395715 3888
395757 3889
395758 3890
395814 3891
395822 3892
395954 3893
395980 3894
396016 3895
396028 3896
396114 3897
396145 3898
396210 3899
396292 3900
396456 3901
396502 3902
396532 3903
396599 3904
396631 3905
396633 3906
396655 3907
396668 3908
396673 3909
396674 3910
396679 3911
396683 3912
396739 3913
396799 3914
396825 3915
396834 3916
396872 3917
396907 3918
397118 3919
397149 3920
397219 3921
397292 3922
397310 3923
397312 3924
397405 3925
397414 3926
397429 3927
397470 3928
397506 3929
397557 3930
397671 3931
397747 3932
397763 3933
397797 3934
397829 3935
397894 3936
398019 3937
398029 3938
398040 3939
398067 3940
398084 3941
398118 3942
398171 3943
398199 3944
398349 3945
398357 3946
398413 3947
398439 3948
398442 3949
398487 3950
398496 3951
398525 3952
398529 3953
398550 3954
398552 3955
398630 3956
398656 3957
398816 3958
398862 3959
398877 3960
398891 3961
398956 3962
399203 3963
399429 3964
399450 3965
399453 3966
399628 3967
399737 3968
399772 3969
399792 3970
399794 3971
399843 3972
399863 3973
399895 3974
399935 3975
400004 3976
400010 3977
400049 3978
400063 3979
400087 3980
400091 3981
400145 3982
400147 3983
400208 3984
400252 3985
400266 3986
400451 3987
400461 3988
400469 3989
400474 3990
400549 3991
400599 3992
400611 3993
400630 3994
400632 3995
400682 3996
400759 3997
400894 3998
400942 3999
400958 4000
401011 4001
401139 4002
401240 4003
401258 4004
401296 4005
401317 4006
401339 4007
401349 4008
401404 4009
401441 4010
401486 4011
401812 4012
401824 4013
401866 4014
401869 4015
401903 4016
401947 4017
402180 4018
402200 4019
402204 4020
402210 4021
402268 4022
402295 4023
402314 4024
402378 4025
402433 4026
402449 4027
402458 4028
402470 4029
402489 4030
402502 4031
402531 4032
402575 4033
402596 4034
402662 4035
402695 4036
402727 4037
402806 4038
402808 4039
402883 4040
402958 4041
402961 4042
402993 4043
403052 4044
403085 4045
403093 4046
403158 4047
403213 4048
403902 4049
404022 4050
404050 4051
404121 4052
404135 4053
404147 4054
404170 4055
404200 4056
404239 4057
404269 4058
404325 4059
404356 4060
404415 4061
404449 4062
404536 4063
404559 4064
404631 4065
404671 4066
404695 4067
404708 4068
404727 4069
404804 4070
404863 4071
405088 4072
405125 4073
405192 4074
405193 4075
405219 4076
405268 4077
405314 4078
405336 4079
405426 4080
405471 4081
405743 4082
405746 4083
405775 4084
405784 4085
405889 4086
405945 4087
405963 4088
405995 4089
406000 4090
406056 4091
406121 4092
406224 4093
406254 4094
406265 4095
406311 4096
406326 4097
406337 4098
406416 4099
406425 4100
406498 4101
406541 4102
406549 4103
406600 4104
406671 4105
406682 4106
406698 4107
406751 4108
406753 4109
406846 4110
406908 4111
406937 4112
406974 4113
407115 4114
407232 4115
407303 4116
407371 4117
407374 4118
407404 4119
407428 4120
407453 4121
407487 4122
407500 4123
407545 4124
407595 4125
407670 4126
407681 4127
407731 4128
407818 4129
407838 4130
407876 4131
407968 4132
408061 4133
408105 4134
408112 4135
408239 4136
408344 4137
408353 4138
408371 4139
408372 4140
408413 4141
408469 4142
408499 4143
408581 4144
408608 4145
408651 4146
408753 4147
408763 4148
408817 4149
408975 4150
409040 4151
409056 4152
409091 4153
409100 4154
409105 4155
409109 4156
409120 4157
409160 4158
409205 4159
409276 4160
409284 4161
409540 4162
409651 4163
409662 4164
409663 4165
409698 4166
409703 4167
409708 4168
409733 4169
409766 4170
409794 4171
409852 4172
409880 4173
409930 4174
409945 4175
409949 4176
409953 4177
410043 4178
410052 4179
410084 4180
410092 4181
410176 4182
410199 4183
410203 4184
410281 4185
410357 4186
410407 4187
410537 4188
410573 4189
410587 4190
410592 4191
410666 4192
410699 4193
410739 4194
410767 4195
410810 4196
410816 4197
410838 4198
410842 4199
410874 4200
410883 4201
410886 4202
411001 4203
411013 4204
411060 4205
411105 4206
411150 4207
411197 4208
411226 4209
411304 4210
411381 4211
411549 4212
411553 4213
411619 4214
411642 4215
411707 4216
411730 4217
411895 4218
411939 4219
411971 4220
412025 4221
412063 4222
412081 4223
412102 4224
412175 4225
412258 4226
412263 4227
412268 4228
412284 4229
412304 4230
412307 4231
412343 4232
412353 4233
412387 4234
412407 4235
412600 4236
412618 4237
412654 4238
412663 4239
412695 4240
412697 4241
412717 4242
412731 4243
412754 4244
412772 4245
412911 4246
413052 4247
413083 4248
413087 4249
413137 4250
413180 4251
413200 4252
413580 4253
413629 4254
413702 4255
413705 4256
413709 4257
413747 4258
413891 4259
413934 4260
413949 4261
413984 4262
414028 4263
414077 4264
414094 4265
414117 4266
414247 4267
414258 4268
414304 4269
414350 4270
414495 4271
414587 4272
414633 4273
414668 4274
414696 4275
414758 4276
414772 4277
414803 4278
414958 4279
414963 4280
415023 4281
415151 4282
415187 4283
415216 4284
415307 4285
415399 4286
415546 4287
415631 4288
415695 4289
415716 4290
415724 4291
415760 4292
415812 4293
415818 4294
415952 4295
415969 4296
415988 4297
416007 4298
416008 4299
416199 4300
416229 4301
416243 4302
416276 4303
416284 4304
416302 4305
416304 4306
416314 4307
416355 4308
416407 4309
416420 4310
416500 4311
416654 4312
416689 4313
416696 4314
416700 4315
416725 4316
416860 4317
417096 4318
417135 4319
417184 4320
417220 4321
417242 4322
417263 4323
417410 4324
417414 4325
417462 4326
417522 4327
417547 4328
417657 4329
417663 4330
417684 4331
417724 4332
417785 4333
417820 4334
417863 4335
417971 4336
417974 4337
417978 4338
417986 4339
418007 4340
418032 4341
418035 4342
418065 4343
418077 4344
418122 4345
418129 4346
418159 4347
418201 4348
418216 4349
418218 4350
418224 4351
418325 4352
418340 4353
418397 4354
418453 4355
418486 4356
418490 4357
418623 4358
418634 4359
418731 4360
418781 4361
418851 4362
418900 4363
418956 4364
418971 4365
418998 4366
419024 4367
419059 4368
419081 4369
419192 4370
419223 4371
419228 4372
419233 4373
419273 4374
419284 4375
419375 4376
419517 4377
419536 4378
419565 4379
419791 4380
419913 4381
419924 4382
419946 4383
419990 4384
420042 4385
420087 4386
420096 4387
420141 4388
420163 4389
420173 4390
420333 4391
420344 4392
420345 4393
420388 4394
420528 4395
420560 4396
420604 4397
420631 4398
420650 4399
420663 4400
420673 4401
420699 4402
420720 4403
420724 4404
420745 4405
420762 4406
420834 4407
420867 4408
420894 4409
420935 4410
421018 4411
421070 4412
421111 4413
421179 4414
421185 4415
421205 4416
421209 4417
421301 4418
421326 4419
421455 4420
421712 4421
421754 4422
421877 4423
421992 4424
421999 4425
422006 4426
422061 4427
422070 4428
422087 4429
422164 4430
422223 4431
422250 4432
422276 4433
422280 4434
422340 4435
422341 4436
422343 4437
422479 4438
422530 4439
422534 4440
422542 4441
422626 4442
422670 4443
422697 4444
422752 4445
422768 4446
423061 4447
423093 4448
423147 4449
423210 4450
423314 4451
423317 4452
423386 4453
423398 4454
423399 4455
423488 4456
423601 4457
423607 4458
423613 4459
423622 4460
423648 4461
423652 4462
423664 4463
423757 4464
423781 4465
423871 4466
423876 4467
423879 4468
423947 4469
423985 4470
424014 4471
424069 4472
424082 4473
424112 4474
424171 4475
424211 4476
424220 4477
424437 4478
424539 4479
424544 4480
424577 4481
424637 4482
424863 4483
424880 4484
424950 4485
424978 4486
424987 4487
425053 4488
425136 4489
425218 4490
425257 4491
425274 4492
425287 4493
425314 4494
425332 4495
425543 4496
425714 4497
425747 4498
425748 4499
425755 4500
425772 4501
425808 4502
425817 4503
425820 4504
425858 4505
425910 4506
425919 4507
425997 4508
426059 4509
426074 4510
426094 4511
426137 4512
426297 4513
426316 4514
426458 4515
426465 4516
426547 4517
426610 4518
426616 4519
426624 4520
426650 4521
426701 4522
426736 4523
426768 4524
426838 4525
426871 4526
426887 4527
427248 4528
427256 4529
427321 4530
427344 4531
427348 4532
427390 4533
427413 4534
427485 4535
427536 4536
427683 4537
427704 4538
427773 4539
427802 4540
427921 4541
428068 4542
428116 4543
428142 4544
428195 4545
428301 4546
428321 4547
428323 4548
428641 4549
428653 4550
428769 4551
428787 4552
428932 4553
428979 4554
429004 4555
429015 4556
429038 4557
429065 4558
429099 4559
429162 4560
429185 4561
429212 4562
429417 4563
429494 4564
429610 4565
429740 4566
429777 4567
429832 4568
429833 4569
429854 4570
429858 4571
429958 4572
430002 4573
430020 4574
430055 4575
430160 4576
430279 4577
430282 4578
430356 4579
430357 4580
430392 4581
430487 4582
430516 4583
430530 4584
430554 4585
430625 4586
430678 4587
430686 4588
430708 4589
430806 4590
430870 4591
431005 4592
431014 4593
431025 4594
431071 4595
431136 4596
431139 4597
431251 4598
431268 4599
431386 4600
431406 4601
431987 4602
432004 4603
432144 4604
432222 4605
432232 4606
432237 4607
432278 4608
432319 4609
432336 4610
432474 4611
432478 4612
432480 4613
432484 4614
432532 4615
432592 4616
432624 4617
432642 4618
432703 4619
432718 4620
432724 4621
432862 4622
432870 4623
432968 4624
433064 4625
433151 4626
433165 4627
433280 4628
433386 4629
433508 4630
433531 4631
433748 4632
433755 4633
433794 4634
433864 4635
433939 4636
434002 4637
434159 4638
434192 4639
434298 4640
434347 4641
434353 4642
434397 4643
434476 4644
434478 4645
434503 4646
434562 4647
434573 4648
434585 4649
434617 4650
434646 4651
434759 4652
434767 4653
434841 4654
434977 4655
435043 4656
435057 4657
435101 4658
435245 4659
435258 4660
435271 4661
435277 4662
435282 4663
435287 4664
435294 4665
435423 4666
435446 4667
435572 4668
435587 4669
435780 4670
435803 4671
436044 4672
436058 4673
436213 4674
436481 4675
436554 4676
436590 4677
436898 4678
436900 4679
437171 4680
437246 4681
437281 4682
437432 4683
437482 4684
437529 4685
437550 4686
437562 4687
437565 4688
437752 4689
437872 4690
437923 4691
437967 4692
437968 4693
437971 4694
438063 4695
438068 4696
438135 4697
438210 4698
438244 4699
438283 4700
438290 4701
438313 4702
438323 4703
438452 4704
438551 4705
438644 4706
438662 4707
438703 4708
438751 4709
438775 4710
438796 4711
439002 4712
439013 4713
439053 4714
439109 4715
439170 4716
439182 4717
439203 4718
439294 4719
439305 4720
439433 4721
439542 4722
439568 4723
439633 4724
439669 4725
439677 4726
439710 4727
439713 4728
439806 4729
439855 4730
439857 4731
439896 4732
439950 4733
439995 4734
440003 4735
440057 4736
440075 4737
440103 4738
440171 4739
440225 4740
440288 4741
440297 4742
440319 4743
440323 4744
440331 4745
440375 4746
440499 4747
440509 4748
440559 4749
440563 4750
440591 4751
440593 4752
440610 4753
440632 4754
440637 4755
440765 4756
440798 4757
440818 4758
440825 4759
440851 4760
440857 4761
440905 4762
440911 4763
440912 4764
441000 4765
441018 4766
441024 4767
441073 4768
441087 4769
441113 4770
441132 4771
441165 4772
441181 4773
441201 4774
441213 4775
441255 4776
441302 4777
441342 4778
441354 4779
441385 4780
441389 4781
441393 4782
441421 4783
441444 4784
441540 4785
441606 4786
441791 4787
441852 4788
441858 4789
441885 4790
441888 4791
441892 4792
441895 4793
441897 4794
441954 4795
442012 4796
442017 4797
442064 4798
442131 4799
442132 4800
442143 4801
442183 4802
442199 4803
442347 4804
442359 4805
442393 4806
442432 4807
442436 4808
442442 4809
442456 4810
442466 4811
442497 4812
442530 4813
442545 4814
442547 4815
442549 4816
442561 4817
442563 4818
442589 4819
442590 4820
442618 4821
442669 4822
442670 4823
442725 4824
442745 4825
442753 4826
442802 4827
442807 4828
442865 4829
442873 4830
442877 4831
442878 4832
442886 4833
442910 4834
442924 4835
442937 4836
442949 4837
442954 4838
442987 4839
443007 4840
443055 4841
443108 4842
443151 4843
443181 4844
443200 4845
443215 4846
443275 4847
443288 4848
443297 4849
443300 4850
443387 4851
443400 4852
443438 4853
443498 4854
443500 4855
443514 4856
443539 4857
443540 4858
443563 4859
443696 4860
443701 4861
443731 4862
443753 4863
443765 4864
443837 4865
443842 4866
443861 4867
443923 4868
443948 4869
443950 4870
443954 4871
443964 4872
443989 4873
444011 4874
444063 4875
444117 4876
444180 4877
444197 4878
444221 4879
444225 4880
444266 4881
444317 4882
444349 4883
444361 4884
444375 4885
444403 4886
444408 4887
444474 4888
444541 4889
444545 4890
444561 4891
444574 4892
444576 4893
444619 4894
444677 4895
444697 4896
444713 4897
444718 4898
444766 4899
444768 4900
444783 4901
444784 4902
444814 4903
444821 4904
444847 4905
444856 4906
444858 4907
444872 4908
444907 4909
444909 4910
444925 4911
444926 4912
444943 4913
444960 4914
445049 4915
445065 4916
445086 4917
445109 4918
445114 4919
445125 4920
445134 4921
445136 4922
445145 4923
445230 4924
445239 4925
445351 4926
445386 4927
445410 4928
445415 4929
445429 4930
445451 4931
445459 4932
445494 4933
445573 4934
445605 4935
445647 4936
445686 4937
445728 4938
445749 4939
445760 4940
445774 4941
445776 4942
445777 4943
445782 4944
445785 4945
445818 4946
445857 4947
445889 4948
445917 4949
445921 4950
445930 4951
445947 4952
445972 4953
446045 4954
446077 4955
446097 4956
446108 4957
446246 4958
446247 4959
446279 4960
446295 4961
446296 4962
446324 4963
446345 4964
446357 4965
446397 4966
446439 4967
446440 4968
446448 4969
446479 4970
446619 4971
446628 4972
446650 4973
446730 4974
446746 4975
446755 4976
446761 4977
446778 4978
446814 4979
446856 4980
446873 4981
447007 4982
447036 4983
447059 4984
447086 4985
447124 4986
447127 4987
447162 4988
447184 4989
447235 4990
447242 4991
447265 4992
447292 4993
447306 4994
447324 4995
447459 4996
447475 4997
447481 4998
447510 4999
447516 5000
447644 5001
447659 5002
447695 5003
447759 5004
447782 5005
447790 5006
448370 5007
464236 5008
464522 5009
464525 5010
464592 5011
464616 5012
464685 5013
464724 5014
464732 5015
464748 5016
464755 5017
464780 5018
464785 5019
464887 5020
464924 5021
464957 5022
464968 5023
464981 5024
465009 5025
465068 5026
465078 5027
465121 5028
465175 5029
465260 5030
465294 5031
465312 5032
465331 5033
465369 5034
465392 5035
465399 5036
465406 5037
465413 5038
465421 5039
465430 5040
465441 5041
465517 5042
465564 5043
465567 5044
465577 5045
465599 5046
465619 5047
465629 5048
465719 5049
465727 5050
465730 5051
465732 5052
465764 5053
465777 5054
465789 5055
465843 5056
465845 5057
465893 5058
465900 5059
465952 5060
466037 5061
466120 5062
466158 5063
466202 5064
466203 5065
466216 5066
466230 5067
466248 5068
466289 5069
466329 5070
466347 5071
466360 5072
466372 5073
466377 5074
466425 5075
466477 5076
466508 5077
466539 5078
466576 5079
466582 5080
466599 5081
466714 5082
466717 5083
466800 5084
466807 5085
466810 5086
466828 5087
466854 5088
466856 5089
466880 5090
466892 5091
466900 5092
466959 5093
466961 5094
466973 5095
466987 5096
466990 5097
467035 5098
467100 5099
467144 5100
467179 5101
467230 5102
467243 5103
467292 5104
467294 5105
467302 5106
467303 5107
467312 5108
467363 5109
467381 5110
467396 5111
467413 5112
467416 5113
467504 5114
467506 5115
467524 5116
467580 5117
467582 5118
467606 5119
467685 5120
467700 5121
467725 5122
467753 5123
467756 5124
467776 5125
467822 5126
467835 5127
467854 5128
467893 5129
467894 5130
467901 5131
468021 5132
468120 5133
468187 5134
468349 5135
468386 5136
468482 5137
468497 5138
468529 5139
468623 5140
468657 5141
468672 5142
468694 5143
468720 5144
468729 5145
468730 5146
468753 5147
468792 5148
468808 5149
468845 5150
468902 5151
468908 5152
468927 5153
468947 5154
468949 5155
469016 5156
469113 5157
469154 5158
469177 5159
469281 5160
469284 5161
469389 5162
469424 5163
469425 5164
469465 5165
469499 5166
469553 5167
469579 5168
469614 5169
469624 5170
469633 5171
469664 5172
469683 5173
469732 5174
469743 5175
469761 5176
469861 5177
469878 5178
469887 5179
469959 5180
469977 5181
470001 5182
470002 5183
470037 5184
470113 5185
470119 5186
470121 5187
470159 5188
470187 5189
470253 5190
470318 5191
470331 5192
470340 5193
470385 5194
470403 5195
470461 5196
470464 5197
470534 5198
470555 5199
470588 5200
470617 5201
470619 5202
470637 5203
470653 5204
470693 5205
470733 5206
470786 5207
470869 5208
470870 5209
470900 5210
470914 5211
470921 5212
470982 5213
471018 5214
471027 5215
471157 5216
471189 5217
471196 5218
471219 5219
471284 5220
471373 5221
471374 5222
471434 5223
471476 5224
471525 5225
471580 5226
471654 5227
471657 5228
471669 5229
471711 5230
471781 5231
471810 5232
471925 5233
471973 5234
471976 5235
471977 5236
471979 5237
472000 5238
472049 5239
472060 5240
472073 5241
472087 5242
472120 5243
472180 5244
472182 5245
472257 5246
472262 5247
472284 5248
472290 5249
472309 5250
472327 5251
472336 5252
472341 5253
472348 5254
472401 5255
472511 5256
472584 5257
472586 5258
472602 5259
472616 5260
472651 5261
472736 5262
472762 5263
472810 5264
472856 5265
472857 5266
472911 5267
472949 5268
472981 5269
473008 5270
473081 5271
473082 5272
473095 5273
473102 5274
473104 5275
473129 5276
473162 5277
473265 5278
473271 5279
473328 5280
473340 5281
473378 5282
473406 5283
473491 5284
473509 5285
473640 5286
473706 5287
473739 5288
473789 5289
473924 5290
473943 5291
473965 5292
474067 5293
474071 5294
474119 5295
474126 5296
474133 5297
474153 5298
474246 5299
474283 5300
474290 5301
474385 5302
474387 5303
474408 5304
474451 5305
474464 5306
474495 5307
474508 5308
474607 5309
474628 5310
474633 5311
474667 5312
474674 5313
474677 5314
474740 5315
474759 5316
474902 5317
474949 5318
474966 5319
475015 5320
475065 5321
475095 5322
475149 5323
475163 5324
475215 5325
475241 5326
475253 5327
475363 5328
475370 5329
475443 5330
475460 5331
475480 5332
475497 5333
475556 5334
475594 5335
475619 5336
475631 5337
475681 5338
475688 5339
475699 5340
475734 5341
475811 5342
475839 5343
475863 5344
475883 5345
475893 5346
475897 5347
475901 5348
475908 5349
475945 5350
475981 5351
476037 5352
476041 5353
476093 5354
476108 5355
476144 5356
476170 5357
476194 5358
476201 5359
476278 5360
476297 5361
476355 5362
476369 5363
476401 5364
476438 5365
476457 5366
476497 5367
476520 5368
476596 5369
476603 5370
476629 5371
476637 5372
476709 5373
476710 5374
476769 5375
476783 5376
476816 5377
476822 5378
476845 5379
476855 5380
476859 5381
476868 5382
476910 5383
476912 5384
476921 5385
476937 5386
476946 5387
476964 5388
477009 5389
477011 5390
477063 5391
477067 5392
477069 5393
477099 5394
477120 5395
477128 5396
477161 5397
477164 5398
477165 5399
477167 5400
477180 5401
477185 5402
477319 5403
477348 5404
477354 5405
477412 5406
477451 5407
477468 5408
477517 5409
477556 5410
477588 5411
477650 5412
477734 5413
477779 5414
477812 5415
477825 5416
477833 5417
477835 5418
478025 5419
478069 5420
478073 5421
478212 5422
478213 5423
478238 5424
478242 5425
478244 5426
478279 5427
478289 5428
478317 5429
478326 5430
478332 5431
478337 5432
478346 5433
478412 5434
478432 5435
478435 5436
478444 5437
478496 5438
478513 5439
478517 5440
478550 5441
478556 5442
478562 5443
478583 5444
478660 5445
478685 5446
478718 5447
478744 5448
478784 5449
478791 5450
478792 5451
478873 5452
478886 5453
478967 5454
478977 5455
479020 5456
479057 5457
479060 5458
479061 5459
479141 5460
479170 5461
479171 5462
479305 5463
479343 5464
479347 5465
479356 5466
479442 5467
479457 5468
479516 5469
479519 5470
479522 5471
479553 5472
479607 5473
479649 5474
479725 5475
479738 5476
479753 5477
479764 5478
479828 5479
479845 5480
479848 5481
479853 5482
479860 5483
479892 5484
479922 5485
479939 5486
479977 5487
479987 5488
480014 5489
480025 5490
480086 5491
480115 5492
480151 5493
480181 5494
480199 5495
480207 5496
480225 5497
480303 5498
480372 5499
480382 5500
480458 5501
480507 5502
480554 5503
480579 5504
480590 5505
480604 5506
480650 5507
480667 5508
480716 5509
480815 5510
480888 5511
480914 5512
480928 5513
480929 5514
480937 5515
480938 5516
480943 5517
480956 5518
480959 5519
480960 5520
480972 5521
480981 5522
480984 5523
481010 5524
481022 5525
481024 5526
481092 5527
481143 5528
481150 5529
481169 5530
481210 5531
481227 5532
481240 5533
481314 5534
481350 5535
481367 5536
481404 5537
481453 5538
481538 5539
481549 5540
481580 5541
481593 5542
481607 5543
481618 5544
481667 5545
481717 5546
481762 5547
481772 5548
481787 5549
481790 5550
481863 5551
481884 5552
481947 5553
482012 5554
482030 5555
482071 5556
482083 5557
482117 5558
482145 5559
482173 5560
482187 5561
482264 5562
482268 5563
482275 5564
482280 5565
482356 5566
482406 5567
482445 5568
482467 5569
482513 5570
482556 5571
482580 5572
482635 5573
482644 5574
482677 5575
482680 5576
482710 5577
482726 5578
482745 5579
482751 5580
482766 5581
482810 5582
482843 5583
482856 5584
482868 5585
482938 5586
482945 5587
483031 5588
483037 5589
483064 5590
483074 5591
483108 5592
483109 5593
483123 5594
483131 5595
483136 5596
483149 5597
483179 5598
483200 5599
483243 5600
483267 5601
483275 5602
483309 5603
483315 5604
483339 5605
483362 5606
483371 5607
483389 5608
483411 5609
483468 5610
483470 5611
483479 5612
483485 5613
483508 5614
483543 5615
483582 5616
483620 5617
483626 5618
483646 5619
483656 5620
483666 5621
483674 5622
483703 5623
483706 5624
483724 5625
483743 5626
483744 5627
483793 5628
483800 5629
483818 5630
483858 5631
483869 5632
483872 5633
483876 5634
483921 5635
483934 5636
483952 5637
483959 5638
483975 5639
483997 5640
484010 5641
484039 5642
484075 5643
484125 5644
484130 5645
484135 5646
484161 5647
484165 5648
484174 5649
484213 5650
484223 5651
484242 5652
484252 5653
484266 5654
484301 5655
484305 5656
484312 5657
484355 5658
484412 5659
484423 5660
484435 5661
484436 5662
484458 5663
484464 5664
484475 5665
484490 5666
484494 5667
484550 5668
484556 5669
484574 5670
484594 5671
484675 5672
484754 5673
484762 5674
484768 5675
484780 5676
484787 5677
484790 5678
484816 5679
484885 5680
484897 5681
484933 5682
484947 5683
484983 5684
484999 5685
485006 5686
485180 5687
485195 5688
485219 5689
485228 5690
485262 5691
485282 5692
485306 5693
485312 5694
485374 5695
485399 5696
485421 5697
485439 5698
485448 5699
485464 5700
485506 5701
485519 5702
485528 5703
485534 5704
485544 5705
485568 5706
485582 5707
485594 5708
485604 5709
485612 5710
485630 5711
485671 5712
485675 5713
485734 5714
485762 5715
485766 5716
485768 5717
485772 5718
485780 5719
485782 5720
485791 5721
485853 5722
485885 5723
485898 5724
485909 5725
485920 5726
485944 5727
485962 5728
485980 5729
486004 5730
486007 5731
486022 5732
486087 5733
486099 5734
486145 5735
486244 5736
486279 5737
486282 5738
486287 5739
486300 5740
486378 5741
486391 5742
486457 5743
486511 5744
486516 5745
486521 5746
486533 5747
486545 5748
486551 5749
486650 5750
486656 5751
486737 5752
486777 5753
486836 5754
486877 5755
486890 5756
486948 5757
486964 5758
486994 5759
487002 5760
487168 5761
487214 5762
487239 5763
487247 5764
487267 5765
487271 5766
487278 5767
487293 5768
487314 5769
487329 5770
487371 5771
487494 5772
487543 5773
487556 5774
487570 5775
487588 5776
487607 5777
487621 5778
487629 5779
487636 5780
487646 5781
487681 5782
487711 5783
488136 5784
488176 5785
488185 5786
488195 5787
488198 5788
488324 5789
488364 5790
488386 5791
488394 5792
488425 5793
488427 5794
488431 5795
488445 5796
488477 5797
488524 5798
488525 5799
488550 5800
488575 5801
488675 5802
488680 5803
488694 5804
488755 5805
488758 5806
488853 5807
488863 5808
488941 5809
488968 5810
488990 5811
489048 5812
489084 5813
489087 5814
489137 5815
489146 5816
489198 5817
489209 5818
489222 5819
489251 5820
489291 5821
489309 5822
489313 5823
489320 5824
489410 5825
489443 5826
489455 5827
489493 5828
489507 5829
489553 5830
489560 5831
489624 5832
489889 5833
489929 5834
489990 5835
490024 5836
490081 5837
490082 5838
490110 5839
490152 5840
490154 5841
490164 5842
490195 5843
490282 5844
490284 5845
490297 5846
490299 5847
490313 5848
490327 5849
490391 5850
490394 5851
490443 5852
490449 5853
490500 5854
490505 5855
490514 5856
490530 5857
490587 5858
490629 5859
490662 5860
490665 5861
490677 5862
490738 5863
490768 5864
490769 5865
490894 5866
491004 5867
491011 5868
491033 5869
491036 5870
491077 5871
491081 5872
491097 5873
491106 5874
491108 5875
491110 5876
491126 5877
491170 5878
491232 5879
491279 5880
491387 5881
491474 5882
491486 5883
491503 5884
491548 5885
491570 5886
491578 5887
491606 5888
491636 5889
491664 5890
491688 5891
491693 5892
491742 5893
491756 5894
491757 5895
491771 5896
491843 5897
491863 5898
491874 5899
491875 5900
491885 5901
491907 5902
491914 5903
491926 5904
491959 5905
491966 5906
492020 5907
492024 5908
492088 5909
492095 5910
492153 5911
492177 5912
492182 5913
492240 5914
492247 5915
492286 5916
492357 5917
492371 5918
492403 5919
492478 5920
492480 5921
492496 5922
492537 5923
492552 5924
492557 5925
492579 5926
492590 5927
492592 5928
492613 5929
492635 5930
492676 5931
492726 5932
492740 5933
492851 5934
492895 5935
492900 5936
492909 5937
492928 5938
492946 5939
492979 5940
492993 5941
493055 5942
493147 5943
493186 5944
493207 5945
493296 5946
493377 5947
493404 5948
493416 5949
493434 5950
493443 5951
493451 5952
493453 5953
493460 5954
493465 5955
493515 5956
493539 5957
493559 5958
493609 5959
493650 5960
493725 5961
493760 5962
493763 5963
493773 5964
493793 5965
493822 5966
493826 5967
493876 5968
493879 5969
493912 5970
493958 5971
493984 5972
493988 5973
493999 5974
494046 5975
494095 5976
494143 5977
494164 5978
494165 5979
494184 5980
494211 5981
494212 5982
494214 5983
494270 5984
494278 5985
494329 5986
494335 5987
494340 5988
494341 5989
494389 5990
494424 5991
494427 5992
494433 5993
494443 5994
494471 5995
494495 5996
494498 5997
494622 5998
494637 5999
494667 6000
494673 6001
494722 6002
494728 6003
494786 6004
494789 6005
494806 6006
494818 6007
494829 6008
494838 6009
494840 6010
494866 6011
494872 6012
494896 6013
494903 6014
494911 6015
494919 6016
494927 6017
494948 6018
494960 6019
494975 6020
495035 6021
495115 6022
495239 6023
495276 6024
495284 6025
495298 6026
495320 6027
495324 6028
495429 6029
495438 6030
495449 6031
495489 6032
495493 6033
495509 6034
495522 6035
495580 6036
495615 6037
495618 6038
495621 6039
495625 6040
495674 6041
495734 6042
495762 6043
495786 6044
495856 6045
495876 6046
495879 6047
495881 6048
495887 6049
495903 6050
495913 6051
495948 6052
495976 6053
496041 6054
496070 6055
496085 6056
496091 6057
496108 6058
496154 6059
496185 6060
496217 6061
496220 6062
496224 6063
496243 6064
496315 6065
496334 6066
496355 6067
496381 6068
496442 6069
496470 6070
496491 6071
496493 6072
496494 6073
496530 6074
496542 6075
496561 6076
496564 6077
496590 6078
496601 6079
496657 6080
496671 6081
496674 6082
496764 6083
496801 6084
496845 6085
496916 6086
496978 6087
496981 6088
497074 6089
497080 6090
497084 6091
497088 6092
497102 6093
497130 6094
497139 6095
497180 6096
497190 6097
497206 6098
497211 6099
497226 6100
497229 6101
497278 6102
497280 6103
497349 6104
497361 6105
497405 6106
497410 6107
497415 6108
497468 6109
497475 6110
497536 6111
497580 6112
497584 6113
497590 6114
497607 6115
497619 6116
497632 6117
497793 6118
497809 6119
497855 6120
497872 6121
497897 6122
497925 6123
497955 6124
497989 6125
497994 6126
498006 6127
498031 6128
498043 6129
498065 6130
498131 6131
498138 6132
498175 6133
498225 6134
498236 6135
498266 6136
498269 6137
498296 6138
498320 6139
498363 6140
498371 6141
498432 6142
498442 6143
498455 6144
498459 6145
498527 6146
498543 6147
498554 6148
498564 6149
498578 6150
498582 6151
498602 6152
498635 6153
498636 6154
498702 6155
498741 6156
498755 6157
498793 6158
498821 6159
498828 6160
498835 6161
498841 6162
498857 6163
498877 6164
498892 6165
498898 6166
498905 6167
498967 6168
498972 6169
498980 6170
499006 6171
499027 6172
499056 6173
499067 6174
499118 6175
499187 6176
499244 6177
499246 6178
499354 6179
499372 6180
499373 6181
499380 6182
499386 6183
499387 6184
499392 6185
499400 6186
499404 6187
499420 6188
499446 6189
499469 6190
499483 6191
499511 6192
499557 6193
499564 6194
499624 6195
499683 6196
499703 6197
499768 6198
499790 6199
499813 6200
499819 6201
499822 6202
499848 6203
499865 6204
499881 6205
499891 6206
499931 6207
499993 6208
500006 6209
500016 6210
500031 6211
500067 6212
500068 6213
500099 6214
500112 6215
500113 6216
500135 6217
500136 6218
500137 6219
500189 6220
500230 6221
500279 6222
500283 6223
500339 6224
500395 6225
500440 6226
500459 6227
500502 6228
500507 6229
500521 6230
500522 6231
500552 6232
500581 6233
500585 6234
500597 6235
500618 6236
500625 6237
500652 6238
500659 6239
500668 6240
500707 6241
500719 6242
500720 6243
500766 6244
500772 6245
500779 6246
500785 6247
500791 6248
500815 6249
500819 6250
500836 6251
500915 6252
500958 6253
501008 6254
501053 6255
501095 6256
501123 6257
501146 6258
501158 6259
501203 6260
501208 6261
501302 6262
501336 6263
501339 6264
501421 6265
501422 6266
501425 6267
501432 6268
501443 6269
501444 6270
501487 6271
501488 6272
501493 6273
501550 6274
501617 6275
501637 6276
501652 6277
501723 6278
501755 6279
501862 6280
501867 6281
501869 6282
501871 6283
501879 6284
501888 6285
501890 6286
501897 6287
501918 6288
501921 6289
501922 6290
501945 6291
501955 6292
501960 6293
502004 6294
502011 6295
502051 6296
502057 6297
502088 6298
502131 6299
502136 6300
502150 6301
502161 6302
502182 6303
502207 6304
502249 6305
502303 6306
502353 6307
502356 6308
502361 6309
502393 6310
502441 6311
502465 6312
502466 6313
502470 6314
502477 6315
502479 6316
502501 6317
502512 6318
502517 6319
502531 6320
502548 6321
502554 6322
502557 6323
502604 6324
502638 6325
502640 6326
502642 6327
502694 6328
502696 6329
502697 6330
502709 6331
502713 6332
502717 6333
502736 6334
502763 6335
502766 6336
502767 6337
502779 6338
502833 6339
502868 6340
502872 6341
502900 6342
502929 6343
502993 6344
503015 6345
503023 6346
503086 6347
503100 6348
503120 6349
503134 6350
503154 6351
503159 6352
503170 6353
503183 6354
503201 6355
503322 6356
503352 6357
503353 6358
503368 6359
503390 6360
503400 6361
503457 6362
503469 6363
503477 6364
503491 6365
503497 6366
503509 6367
503516 6368
503544 6369
503610 6370
503663 6371
503668 6372
503684 6373
503710 6374
503731 6375
503764 6376
503779 6377
503783 6378
503804 6379
503838 6380
503872 6381
503878 6382
503889 6383
503926 6384
504013 6385
504014 6386
504021 6387
504022 6388
504028 6389
504034 6390
504057 6391
504062 6392
504064 6393
504076 6394
504102 6395
504105 6396
504157 6397
504162 6398
504190 6399
504200 6400
504231 6401
504234 6402
504243 6403
504251 6404
504270 6405
504300 6406
504321 6407
504352 6408
504363 6409
504368 6410
504393 6411
504404 6412
504429 6413
504466 6414
504492 6415
504533 6416
504552 6417
504583 6418
504589 6419
504596 6420
504597 6421
504602 6422
504635 6423
504652 6424
504689 6425
504700 6426
504728 6427
504737 6428
504749 6429
504819 6430
504824 6431
504834 6432
504841 6433
504862 6434
504936 6435
504956 6436
504967 6437
505002 6438
505017 6439
505047 6440
505108 6441
505131 6442
505142 6443
505151 6444
505153 6445
505199 6446
505209 6447
505216 6448
505235 6449
505244 6450
505248 6451
505311 6452
505315 6453
505333 6454
505376 6455
505403 6456
505410 6457
505413 6458
505417 6459
505488 6460
505501 6461
505503 6462
505508 6463
505520 6464
505561 6465
505579 6466
505595 6467
505606 6468
505700 6469
505722 6470
505727 6471
505754 6472
505762 6473
505767 6474
505773 6475
505815 6476
505826 6477
505854 6478
505855 6479
505856 6480
505871 6481
505878 6482
505899 6483
505930 6484
505959 6485
505961 6486
505967 6487
506020 6488
506038 6489
506056 6490
506092 6491
506144 6492
506185 6493
506205 6494
506206 6495
506219 6496
506233 6497
506248 6498
506288 6499
506289 6500
506309 6501
506321 6502
506360 6503
506380 6504
506412 6505
506476 6506
506498 6507
506504 6508
506533 6509
506543 6510
506550 6511
506582 6512
506618 6513
506622 6514
506650 6515
506674 6516
506679 6517
506705 6518
506753 6519
506767 6520
506783 6521
506785 6522
506804 6523
506824 6524
506829 6525
506930 6526
506980 6527
507009 6528
507010 6529
507014 6530
507016 6531
507031 6532
507034 6533
507084 6534
507113 6535
507115 6536
507149 6537
507184 6538
507257 6539
507279 6540
507285 6541
507300 6542
507303 6543
507311 6544
507320 6545
507334 6546
507344 6547
507359 6548
507375 6549
507386 6550
507387 6551
507388 6552
507478 6553
507523 6554
507576 6555
507577 6556
507671 6557
507676 6558
507685 6559
507730 6560
507743 6561
507783 6562
507801 6563
507812 6564
507817 6565
507844 6566
507935 6567
507941 6568
