0 0
1 2 3
2 8 6 4 7
3 10 11
4 12
5 13
6 13
7 15
8 22 19 21 20
9 13 19
10 26 23 25
11 27
12 28 35 30 32 31 34
13 37 38
14 44 39 47 41 43 42 45
15 48
16 53 51 49 52
17 57 54 56
18 59 17
19 60
20 61
21 62
22 65 66
23 72 67 74 69 76 71 70 73
24 78 79
25 21 17 85 80 89 88 19 16 83 58 18 86 82 84 22 81
26 21
27 90
28 91
29 92
30 93
31 95
32 104 101 98 97 108 100 103 106 99 102
33 109
34 110
35 111
36 116 114 112 115
37 113
38 113 117
39 109 120
40 121
41 122
42 123
43 129 127 125 128
44 130
45 132
46 134 135
47 136
48 138
49 139
50 140
51 141
52 151 148 145 144 154 147 150 146 149
53 158 156 155 157
54 159 164 161 162 157 156
55 168 165 167
56 169
57 170
58 172 170
59 171 175 173 170
60 170
61 176
62 177
63 176
64 174 175 171
65 172 170 179 174
66 180
67 172 173 181
68 182
69 176
70 170 172
71 177
72 184
73 186 187
74 137
75 181 170
76 188 194 190 192 191 193
77 195
78 197
79 201 198 200
80 202 203
81 17 82 87
82 208 206 204 207
83 209
84 211
85 213 87 91
86 21
87 217 214 216
88 218
89 220
90 221
91 222
92 223
93 209
94 204
95 224
96 206
97 226 207
98 206
99 220
100 223 210 206 220
101 235 232 238 230 245 243 240 229 236 246 231 239 234 237 241 233
102 210
103 247
104 260 253 256 250 249 261 252 255 258 251 254
105 169
106 205
107 177
108 164 50 263
109 265 264 168
110 168 262 264 263 163 155 267 156
111 268
112 167 166
113 269 270
114 263
115 164 163 167 263 273 265 158 271 264
116 166 164 274
117 278 275 277
118 279
119 276
120 279
121 284 281 283
122 18 20
123 288 285 287
124 292 210 291 290 209
125 298 293 301 295 297 296 299
126 176
127 306 304 302 305
128 307
129 313 310 312 311
130 315 316
131 317
132 318
133 324 319 327 321 323 322 325
134 333 339 331 346 344 341 330 337 348 332 340 335 338 342 347 334
135 91
136 159 272 350 264 160
137 351
138 352
139 274
140 52
141 160
142 158
143 262 263
144 161 157 159
145 158
146 52
147 355
148 216 220 356
149 210 209 223
150 210 209
151 356
152 208 210
153 225
154 209 210
155 225 223 220 359 205
156 356 362 209 210 225 226
157 364 365
158 369 366 368
159 370
160 374 371 373
161 379 377 375 378
162 380
163 386 383 385 384 387
164 392 390 304 391
165 393
166 48
167 398 394 400 396 402 193 397 399
168 191 405 188 404 407 194 126 190 127
169 193
170 416 424 411 421 423 425 410 417 426 412 420 415 418 422 414
171 427
172 428
173 429
174 430
175 431
176 432
177 439 437 434 432 297 436 298 441 435 438
178 431 444
179 444 454 446 451 453 455 293 449 431 447 296 299 300 452 441
180 442 457
181 438 294 442 293
182 437 443 459 458 463 460 430 432 461
183 465 431 439 437 438 462 433 464 440 444 434
184 406
185 467 191 189 405 125 188 395 190
186 398 193 402 395
187 129
188 21
189 203 468 202 59
190 469
191 470
192 474 471 473
193 475
194 481 478 480 479
195 210
196 482
197 226
198 483
199 359
200 485
201 492 489 491 490
202 209
203 494 495
204 209
205 206
206 500 497 499 498
207 17 16 15 80
208 501 84 89
209 26 503 25 24 501 23 504 506
210 36 508 21 17 80 22 16 38
211 505 510
212 511
213 209
214 513
215 515
216 517
217 519
218 524 522 520 523
219 525
220 527 528
221 529
222 531
223 535 532 534
224 537 538
225 537
226 539 545 536 542 541 544
227 546
228 537
229 537
230 476
231 547
232 548
233 549
234 554 552 519 553
235 558 556 555 557
236 559
237 561
238 561
239 569 561 565 564 571 567 568 566 560
240 572
241 573
242 462 430 450 449 445 463 448 451 446 452 453 300 575 436 298 447
243 433 432 464 434
244 448 294 293 430 440 462 441 444
245 458 462
246 405 403 398 400 407 395 401 399 394
247 397 193 402 401
248 578
249 406 129 191 404 466
250 585 580 588 582 584 583 586
251 590 591
252 603 606 600 605 594 601 608 596 599 602 604 595 598
253 609
254 610
255 611
256 614 563 613
257 615
258 617 618
259 619 618
260 616
261 620
262 635 627 630 624 623 636 626 629 632 634 625 628
263 637
264 638
265 639
266 318
267 641
268 643
269 653 657 645 665 649 646 656 659 647 648 666 661 664 667 651 654 658 663 650
270 647 670 651 652
271 671
272 681 678 675 674 684 677 680 676 679
273 87 85 202 88 468 13 82 20
274 685 686
275 687
276 618 617
277 616
278 697 705 692 702 704 706 691 698 707 693 701 696 699 703 695
279 193
280 391
281 722 714 717 711 710 723 713 716 719 721 712 715
282 375
283 724
284 725
285 726
286 727 327 324 320
287 619
288 618
289 616 617
290 616 618
291 617
292 618 619
293 619 618
294 617 618
295 618 619
296 616 618
297 618
298 617
299 728
300 617
301 617
302 618 617
303 617
304 617 618
305 730
306 733 734
307 668
308 735
309 598 601 604 599 597 740 737 603 738 736 592
310 749 746 743 742 752 745 748 744 747
311 754 755
312 738 592 608
313 758 759
314 59
315 760
316 87 38 761 36 508 12 203
317 475
318 763
319 226
320 356
321 764
322 766
323 771 26 14 768 770 769 510
324 13 16 21 20 80 772
325 19
326 777 775 773 776
327 792 796 787 788 790 779 782 783 780 791 750 781 799 797 743 747 794 785 745 789 793 784
328 800
329 85
330 802
331 803
332 804
333 810 807 809 808 811
334 812
335 818 815 817 816 819
336 824 822 820 823
337 825
338 828 290
339 761 58 84
340 358
341 831 830 357 356
342 829
343 834 832 833
344 835 727
345 836
346 838
347 833 841 831 356
348 842 849 844 846 845 848
349 158
350 851 765 290 850
351 226 210 209
352 359 210 209 208
353 854 853 776 777
354 587
355 855
356 856
357 857
358 375
359 858
360 740 594 606
361 860
362 525
363 862
364 862
365 864 862
366 863
367 869 867 865 868
368 871 872
369 873
370 875 876
371 0
372 0
373 0 880 878 881
374 882
375 0
376 885 886
377 887
378 888
379 889
380 761 89 24 84 768 91 25
381 891 892
382 893
383 894
384 738
385 901 885 904 898 909 907 741 748 902 910 751 905 900 903 749 899
386 743 912 783 779 752 781 913 915 911 784
387 223 220
388 916
389 509 85 770 81 501 23 768
390 918
391 919
392 133 922 923 134 924
393 305 307 927 926 928
394 929
395 788 902 904 779 908
396 930 305 927 708
397 206
398 931
399 931
400 932
401 933
402 934
403 939 937 933 938 940
404 547
405 942 943
406 949 946 948 947 950
407 956 951 959 953 955 954 957
408 775 990 969 960 964 974 975 965 971 774 961 962 988 963 987 981 989 980 976 983 966 978 991 967 970 972 986
409 771 768 770 992
410 554 383 385 551 997 995 996 994 381
411 998 999
412 1000 978 777
413 1009 1006 1003 1002 1012 1005 1008 1004 1007
414 1013
415 1014
416 1015
417 1017 997 1016
418 1018 1019
419 1020
420 929
421 347
422 1022
423 1035 1028 1031 1025 1024 1036 1027 1030 1033 1026 1029
424 1037
425 71
426 756
427 618 617
428 1038
429 1039
430 1041
431 1055 1048 1051 1045 1044 1056 1047 1050 1053 1046 1049
432 1057 1046 1043
433 1046 1058
434 1059
435 1061
436 1068 1065 1067 1066 1069
437 21 169 16 13
438 1070
439 1071
440 525
441 1073
442 1079 1076 1078 1077
443 1073 1080 1086 1082 1084 1083 317
444 1089 1085 1087 1083
445 1090
446 1092
447 1098 1093 1101 1095 1097 1096 1099
448 1102
449 1104
450 909 904 1105 35 28 1106
451 978 1107 1000 775
452 1108
453 1117 1112 1115 1148 1142 1122 1126 1154 1124 1118 1125 1138 1141 1155 1109 1140 1139 1114 1120 1143 1110 1153 1130 1111 1145 1144 1132 1150 1119 1131 1127 1156 1129 1116 1151 1123 1137 1147
454 1162 1157 1164 1159 1166 1161 1160 1163
455 1170 1168 850 1169
456 1171 360 1172 834 1173 1174
457 475
458 1176 1177
459 1178
460 861
461 525
462 1179
463 1182 1183
464 218 219 205 210
465 930 729
466 1184
467 1186 303
468 1197 1189 1188 1195 1191 1194 1190 1193
469 1198
470 1200
471 994
472 306 388 302
473 1186 302 303 1185
474 1201
475 1204 1202 1203
476 1210 1207 1209 1208 1211
477 825
478 214
479 1212
480 302
481 1214
482 1214 546
483 1216 1217
484 1218
485 1221 1222
486 1223
487 553 1225
488 1226
489 546 1104
490 516
491 514
492 554
493 1227
494 1231 1241 1244 1243 1239 1230 1237 1245 1232 1240 1235 1238 1242 1234
495 1236 1231 1232
496 302
497 860 861
498 1246
499 1145
500 1248 1151
501 1154
502 1253 1251 1249 1252
503 302 861 708 860 304 303 729 305
504 1263 520 1255 1261 1257 1260 1256 1259
505 1265 1266
506 1267
507 1268
508 1270 1271
509 1273 1274
510 1279 1275 1281 1277 1262 1278 1280
511 744
512 1282
513 1283 1284
514 861
515 995 384
516 1285
517 1286
518 1287
519 1116 1111 1154 1125 1120 1122 1130 1140
520 1288
521 1289
522 1229 1296 1230 1236 1237 1297 1293 1228 1244 1235 1232 1294 1295 1298 1300 1241
523 1305 493 1229 1302 495 1243 494 1301 1292 1232 1307 1241 1235 1308 1298 1303 1293 1306 1295 1244
524 1175
525 1115 1139 1121 1110 1130 1134 1118 1154 1152 1126 1114 1149 1116
526 1130 1123 1139 1149 1113 1114 1146 1145 1131 1135 1140 1124 1118 1144 1150 1138 1141
527 1137 1111 1112 1154 1125 1136 1119 1140
528 1121 1115 1145 1123
529 1109 1314 1312 1311 1318 1142 1316 1155 1313 1315
530 1309 1320
531 1134 1113 1124 1115 1131 1109 1129 1142 1147 1153 1112 1133 1148 1123 1145
532 1151 1142 1246 1322 1109 1129 1324 1128 1135 1326 1323 1143
533 1133 1131
534 1132 1142 1247 1147 1143 1151 1316 1123 1327 1311 1128 1248
535 603 1329 740 1330
536 1156 1124 1144 1145 1130 1115 1122 1138 1118
537 1312 1331 1317 1319 1247 1309 1334 1323 1332 1337 1336 1246 1313 1338 1322 1325 1248 1321 1316 1315
538 1339
539 1340
540 1342
541 1348 1343 1351 1345 1347 1346 1349
542 453 458 448 575 436 437 451 462 465
543 431
544 1358 1360 1355 1359 1353 1356 431 434 433 1357 454 1354 462
545 434 440 460 463 1360 1352 435 1356 1353
546 301 299 431 1360 430 457 1357 441 1359 463 434 432 1356 1353 1355 454 575 1352 576
547 1361
548 1363 1151 1146 1312 1126 1122 1130
549 1368 1366 1364 1367
550 1369
551 1371
552 1373
553 604
554 305
555 1374
556 1380 1377 1379 1378
557 51 354 160 50
558 1381
559 1136
560 1386 1384 1382 1385
561 1379 1387 1390 1388 1392 926 307 1389
562 302
563 1393
564 1411 1412 1407 1419 1396 1399 1400 1397 1410 1417 1398 1420 1418 1413 1421 1415 1402 1405 1409 1414 1401
565 1422
566 1315 1332 1314
567 1423
568 1423
569 1428 1425 1427
570 772
571 861
572 1429
573 1439 1433 1432 1021 1435 1020 1434 1437
574 1440
575 649 656 662 1441
576 825
577 1442
578 303 306 388 728
579 1443
580 1371 525 1372
581 1442 355 1446
582 1447
583 1286
584 1450 1448 1452 1449 1453 1238 1423 1451
585 1423 1233
586 1462 1456 1468 1449 1424 1234 1464 1307 1448 1467 1465 1238 1423 1470 1453 1458 1460 1463 1466 1457
587 1424
588 1244 1470 1449 1234 1240 1471 1464 1469 1463 1452 1456 1451 1472 1423 1458 1450 1424 1467
589 537
590 1474 1473 546
591 1104 546 536 541 1475 1478 1476 1223 1477 543 1214 545
592 538 537 1474
593 1479
594 1481 1482
595 0
596 617 616
597 1185
598 388 302
599 1483
600 616 618
601 1484 1487 1252 1486 1485 1290
602 1340 1339 1484 1486
603 1487 1289
604 1486
605 1488
606 1489 1340
607 1490
608 1334 1335 1312 1332 1314 1318 1337 1338
609 1248 1310 1327 1247 1132 1155 1313
610 1338 1309 1331 1314 1333 1312
611 1322 1246 1325 1336 1315 1337
612 1132 1327 1247 1312 1311 1316 1310 1129 1135 1318 1248 1151 1155
613 376 1497 377 1387 1500 1499 1492 1495 390 1392 1498 1494 1496 708 1284 1493
614 306 1186 302
615 861 1503 611 1185 1495
616 1504 927
617 1504
618 925
619 927 928 1283 1504
620 1505
621 1504 928 927
622 930 1508 728 1507 306 1284 729 708 305 1509
623 388 1185
624 1512 1511 1499 927
625 305 303 708 1284 302
626 303 926 1391 307
627 728 1283 1284 305
628 1186 1185
629 388
630 925 1514 1391 927 1516 1513 928 1504 388
631 930
632 304 302 306 305
633 861 860 1501 1392 305 927
634 307
635 304 306
636 1392 306 302
637 925 1517 1284
638 1523 1520 1522 1521
639 1524
640 1525
641 1526 1524 1527 1529
642 1530
643 1252 1290 1288 1251
644 1489 1341 1340 1339
645 1109 1152 1318 1117 1316 1136 1133 1323 1312 1122 1140 1143 1131 1124 1154 1310 1151 1130 1135 1127 1141 1146 1311 1111 1333 1121 1129 1327 1125 1138 1139 1128 1324 1145 1144 1150
646 1250 1490
647 1342 1490 1488 1250 1531 1484
648 1341 1252 1251 1290
649 1251
650 1532
651 537
652 537
653 537
654 1104 1223 1476
655 537
656 537
657 537
658 1104 546
659 537
660 1214 1223 546 537 1474 1476
661 537
662 537
663 537
664 546 1104
665 536
666 546 1104
667 546 1104 1214 1473 537
668 537
669 1214 538 546 1473 1474
670 546 1104
671 537
672 540 542 1533 1478
673 1534
674 1546 1538 1537 1544 1540 1543 1539 1542
675 1457 1450 1470 1462 1466
676 493 1305 1461 1468 1463 1307 494 1459 1308 1467
677 1470 1468 1304 1307 1460 1458 1467 1466 1459 1472 1456 1297 1465
678 307
679 1548 1549
680 1232 1303 1237 1423 1302 1241 1236 1295 1453
681 1126 1118 1115 1156 1149 1146 1144 1122
682 1223 1478 537 1214
683 1550
684 1550
685 1309 1319
686 1233 1552 1454 1244
687 1112
688 1144 1127 1116 1122 1110 1139 1149 1140 1152 1146 1114 1138
689 1128 1122 1109 1133 1143 1117
690 1137 1125 1119 1140 1120
691 1113 1109 1129 1117 1148
692 1320
693 1566 1558 1561 1555 1554 1567 1557 1560 1563 1565 1556 1559
694 1563 1569 1562 1572 1570 1561 1577 1558 1571 1576 1557 1578 1579 1573 1555 1574 1566 1560
695 1591 1596 1588 1553 1564 1557 1581 1582 1570 1590 1597 1580 1600 1598 1592 1567 1594 1584 1587 1562 1593 1583
696 1601
697 1590 1565 1579 1554 1603 1560
698 1608 1604 1561 1576 1605 1607 1603 1580
699 1555
700 1593 1553 1559 1562 1611 1575 1561 1558 1554 1577 1557 1573 1570 1579 1565 1612 1584 1613 1580 1609 1610 1568 1564 1606
701 1554 1582 1560 1556 1611 1553 1564 1569 1567 1583 1600 1614 1610 1565
702 1557 1611 1564 1562 1566 1560
703 1587 1599 1593 1564 1616 1605 1592 1594 1565 1588 1590 1584 1615 1578 1598
704 1565 1604 1600 1586 1609 1562 1591 1553 1566 1583 1557 1556 1587 1611 1567 1560
705 1589 1617 1616 1557 1580 1575 1572 1565 1570 1558 1590 1583 1559 1571 1586 1555 1598 1577 1585 1595 1611 1600 1562 1576 1612 1573 1574 1588 1584 1597 1606 1582 1561 1592 1563 1556 1578
706 1599 1589 1590 1616 1594 1584 1585 1587
707 1557
708 1554 1609 1617 1557 1606 1573 1558 1567 1584 1559 1611 1562 1612 1564 1572 1618 1561 1560 1597 1576 1600 1582 1616 1583 1563 1565 1585 1566 1580 1588 1578 1596 1604 1553 1608 1599
709 1583 1600
710 1596 1580 1595 1590
711 1615 1619 1592 1587 1598 1594 1591 1608
712 1610 1599 1600 1577 1578 1579 1566 1584 1574 1563 1611 1614 1583 1569 1572 1561 1613 1554 1568 1571 1562 1570 1576 1560 1555 1617
713 1595 1557 1611
714 1599 1572 1573 1613 1558 1617 1563 1588 1583 1565 1553 1554 1600 1593 1575 1574 1560 1595 1615 1566 1562 1591 1557 1584 1570 1609 1561 1579 1580 1587 1616 1610 1612 1594 1592 1568 1614 1564 1618 1596 1556 1589 1586
715 1600 1560
716 1593 1594 1592
717 1583 1557 1560 1566 1553 1567 1612 1590 1599 1556 1564 1609
718 1610 1579
719 1578 1611 1559 1569 1609 1579 1574 1606 1561 1575 1555 1610 1576 1577 1563 1565 1570
720 1600 1583 1562 1582 1567
721 1611 1589 1569 1564 1553 1566 1560 1554 1588 1585 1562 1590 1616 1597
722 1619 1580 1557 1589 1578 1567 1620 1584 1562 1583 1586 1591 1559 1615 1560 1596 1585 1588 1564 1595 1553
723 1560 1566 1590 1588 1556 1584 1603 1562 1597 1582 1586 1567 1589 1595 1599 1620 1596 1564 1585 1553
724 1616
725 1581 1608 1605 1607 1604 1592
726 1610 1553 1595 1611 1596 1613 1612 1616 1600 1580 1567
727 1585 1579 1619 1565 1610 1582 1580 1567 1554 1562 1596 1597 1595 1589 1600 1586 1566 1612 1568 1564 1560 1559
728 1576 1605 1612 1611 1566 1607 1609 1565 1583 1559
729 1580
730 1621
731 1580 1559 1586 1560 1569 1562 1596 1557 1566 1564 1582
732 1622
733 13 15 16
734 1633 1625 1624 1631 1627 1630 1626 1629
735 919
736 1634 1641 1636 1638 1637 1640
737 611 1502 1642
738 391
739 1185 1186 708
740 1645 1646
741 1250 1490 1339 1486 1340 1484
742 513
743 1017 554
744 514
745 1652 1649 1651 1650
746 927 612 1653 1392 926 389
747 1388 391 1654 1200 1659 1515 1657 1655 1656
748 388 860
749 1513
750 122 1660 1662
751 1665 1663 1664
752 1668 1666 1667
753 1669
754 1674 1672 1670 1673
755 1675
756 21 169
757 1676
758 1677
759 917
760 1687 1683 1685 1680 1679 1688 1682 954 957 1681 1684
761 1693 1691 1689 1692
762 518 1601 1664
763 19 18
764 503
765 27
766 1694
767 1699 1697 1696 1698
768 1700
769 1699 1696
770 1701
771 1699
772 1702
773 1703
774 1371
775 1163 929
776 525
777 1705
778 1706
779 1709 1710
780 1711
781 1334 1122 1309 1336 1332 1313
782 1319
783 1718 1715 1717 1716
784 1719
785 1725 1739 1731 1723 1724 1736 1732 1737 1220 1722 1729 1740 1727 1730 1734 1738 1726
786 340
787 1743 1744
788 1473
789 1223
790 1745
791 861
792 1748 1749
793 303
794 303
795 1186
796 303
797 304 302 1507 306 388 729 1509 728
798 1502
799 1643
800 1390
801 929
802 1751
803 306
804 995
805 1663 214 1215 1218
806 1758 1755 1757 1756
807 1759
808 1757
809 1760
810 1471 1462 1470 1459 1466 1297 1307 1456 1457 1448 1424 1455 1468 1306 1240 1449 1465
811 1761
812 1766 1762 1768 1764 426 1765 422 1767
813 1770 1777 1772 1774 1773 1776
814 1791 1783 1786 1780 1779 1792 1782 1785 1788 1790 1781 1784
815 1793
816 1794 672
817 1796 1795 120 1661 1797
818 1803 1800 1802 1801
819 1214
820 1804
821 1806
822 1289
823 1341
824 1487
825 1253
826 758
827 1252 1488 1531
828 1807
829 1808
830 1809
831 1810
832 1410 1823 1820 1829 1812 1813 1814 1411 1408 1828 1400 1830 1415 1824 1831 1826 1401 1818 1822 1825 1815
833 1832
834 1834 1835
835 1837 1838
836 509 508 87 202 12 468
837 1839
838 1701 1841 1843
839 1844
840 1845
841 1846
842 1852 1847 1854 1849 1856 1851 1850 1853
843 1881 1869 1857 1861 1873 1862 1870 1868 1879 1858 1859 1882 1860 1878 1883 1875 1887 1877 1864 1867 1871 1885 1876 1863
844 552 1016 997
845 1888 652 664
846 1893 1891 1889 1892
847 964 776 978 1894 1895 970 775 852 971
848 1896
849 1535
850 537
851 1897
852 1904 1902 1900 1899 1907 1089 1903 1901 625
853 1909 1910
854 1247 1316 1310 1327 1248
855 122
856 1911
857 1253
858 1331
859 650 661
860 1912
861 1913
862 302 388 1186 860 306
863 746 1914 783 788 785 1915 781 913 786 779 742
864 906 897 1923 751 795 1917 902 905 1926 899 908 900 1930 1927 904 910 1918 1921 1925 1928 884
865 909 32 29 911
866 786 744 1105 1933 783 752 901 1932 746 1934 1915 784 903 785 790 788 902 750 780 745
867 1936 897
868 1020
869 778
870 1938 909 1939 1922 30 896 749 1919
871 912
872 911 784 780 915
873 790 784 743 786 788 781 780
874 1945 1942 1944 1943
875 780
876 31 898 909 741 897 749 1947 751 896 1938 748 905 1939 885 28 1948
877 498 72 76
878 1922 747 1952 1921 796 778 1914 1915 789 1935 911 797 1929 795 781 799 1953 915
879 1953
880 1955 1956
881 900 908 906 1925
882 747 915 799 782 1953 795 791 789 796 798 911 793
883 746 785 752 790 903 897 781 32 33 899 1939 1948 1957 742 741 913 744 745
884 904 912 747 795 784 782 1932 915 1935 902 779 781 1950 793 1914
885 743 1915 799 1958 1960 1957 780 788
886 1964 1961 1963
887 1919
888 31 1105 1966 900 885 910 1965 1968 28 1931 1932 1967 1936 1969 904 909
889 1918 778 35 1971 1974 1972 1952 909 752 31 1933 1928 1914 746 795 29 793 747 1936 28 1919 1929 1915 1922
890 345 1977 325 1037
891 1979 1651
892 1649 1980
893 1981
894 1983
895 1984
896 1987 1986 1985 1982
897 1450 1423 1449 1448 1453 1234 1240 1452
898 1621
899 1988 1990 1985 637 1989 758
900 1996 1991 1998 1993 2000 1995 1994 1997
901 2002 1688 2001
902 2003
903 2005 1163 929
904 1511 389 1653
905 1284 928 926 930
906 1390 1508
907 305
908 2007 1496 611 1642 612
909 1502
910 1496 2007 1500 930 307 925 708
911 526
912 2010 2011
913 2015 2012 2014
914 2016
915 2017
916 2018 2013 2012 2021 2020 2014
917 2022 2013
918 2015 2017 2019 2014 2025
919 2012
920 2026 2020
921 2027
922 2024
923 2028
924 2030 2031
925 2028
926 2028
927 2029 2031
928 2038 2035 2037 2036 2031
929 2028 2041 2042 2033
930 2032 2028 2043
931 2043
932 2036 2029 2030 2035
933 2028 2031
934 2030
935 2041 2028 2031
936 2032
937 2028
938 2028
939 2029 2031 2036
940 2028
941 2032
942 2053 1856 2045 2064 2049 2046 2056 2058 2047 2048 1855 2060 2063 2061 2065 2051 2054 2057 2062 2050
943 2066
944 1470 1465 1466
945 15
946 475 2067
947 930
948 2068
949 2076 2073 2070 2069 2078 2072 2075 2071 2074
950 1284
951 861
952 1284
953 388
954 302 303
955 2084 2081 2083 2082
956 2090 2087 2089 2088 2091
957 861
958 372
959 2092
960 2093
961 2096 2097
962 2106 2103 2100 2099 2109 2102 2105 2101 2104
963 431
964 455 465 444 434
965 627
966 18 20
967 2110
968 2030
969 2031
970 2111
971 930 1185 388 861 304 303 1186
972 2036
973 1284
974 2119 2122 946 2121 2113 2117 2123 2115 948 2118 2120 2114 2116
975 391 1509 1513 928
976 861
977 1507 1643 926
978 305 303 306
979 708 1283 930 1392
980 1496 1500
981 303 728 708
982 391 307 928 926 388
983 2007 928 927 1392
984 1185
985 2124
986 2125
987 1983
988 2016
989 2018
990 2016 2012 2021
991 2027
992 2015
993 2126
994 2127 2018 2020 2022 2128
995 2129
996 348
997 2130 2126 2024 2026
998 2015
999 2019 2131 2020 2023
1000 2027 2016 2132
1001 2133
1002 2027
1003 2017 2024
1004 2021
1005 2133
1006 2134
1007 861
1008 2136
1009 2137
1010 2138
1011 2139
1012 547
1013 2027
1014 2141
1015 2144 998 773 2143
1016 1529 2145 2147
1017 2028
1018 79 558 2148
1019 2125
1020 729 1200 1506 925 307 1283 708
1021 637
1022 2149
1023 2010 2011
1024 2151
1025 1532
1026 1532
1027 1532
1028 1532
1029 2159 2154 2161 2156 2163 2158 2157 2160
1030 2164
1031 2027
1032 2027
1033 2015
1034 2126 2019
1035 2027 2024 2012 2014 2022 2018 2021 2016 2013 2127 2019 2020
1036 2017
1037 2017 2024
1038 2024
1039 2027
1040 2027
1041 2165
1042 2012
1043 2171 2169 2167 2170
1044 2014 2016
1045 2168 2169
1046 2018
1047 2015
1048 2016
1049 2017 2023 2024
1050 2018
1051 1504
1052 2012 2027
1053 758
1054 2172
1055 1062
1056 2173
1057 2178 2176 2174 2177
1058 2014 2179 2023
1059 2014
1060 2166 2025 2026 2181 2130 2019 2126 2182
1061 2016 2027
1062 2180 2127 2186 2021 2023 2024 2184 2185 2187 2015 2017
1063 2018 2020 2014 2190 2193 2023 2191 2165
1064 2133 2128 2127 2194 2130
1065 2132 2197 2195 2179
1066 2187 2168 2202 2200 2181 2182 2188 2205 2169 2199 2142 2206 2184 2171 2170 2167 2201
1067 2168 2130 2166 2183 2203 2167 2128 2017
1068 2126 2132 2196
1069 2012
1070 2017 2019 2130 2015 2126 2128 2027
1071 2022
1072 2021 2016 2012
1073 164 49 51 264
1074 2086 2011 2209 2211 2207 2079 2010 2080 2208 2009 2210 2085 2084
1075 1619
1076 2215 2212 2214
1077 902 1926 1920 908
1078 2216
1079 1186 303
1080 352
1081 2217
1082 352 264 49 353
1083 264
1084 2222 2220 2221 159
1085 1184
1086 2224 2225
1087 302 306
1088 930
1089 2226
1090 1697
1091 2229 1062 1061
1092 1642
1093 2191 2230
1094 2015
1095 2191 2192
1096 2126 2186 2019 2018
1097 2231
1098 2199 2131 2128
1099 2027
1100 2024
1101 2022 2016 2195 2196 2015 2013 2232 2012
1102 2021 2014
1103 2023 2022
1104 2014
1105 2016
1106 2023
1107 2027
1108 2235 2169 2021 2014 2018 2204 2142 2171 2166 2180 2016 2127 2168 2185
1109 2020
1110 2013
1111 2027
1112 2021 2017 2024
1113 2014
1114 2017
1115 2236 2243 2238 2240 2239 2242
1116 1532
1117 1061
1118 1479 2244
1119 2086 2248 2093 2211 2245 2080 2247 2250 2085 2083 2152 2091 2253 2252 2254 2082 2151 2249 2094 2079
1120 2255
1121 2264 1015 2259 2258 2267 2261 2263 2260 2262
1122 2276 93 94 2274 2270 2273 2269 2272
1123 2280 2277 2279
1124 2281 2287 2283 2285 2284 1371
1125 2288
1126 2292 2289 2291
1127 803
1128 87 203
1129 946 2293
1130 2297 2294 2296
1131 1517
1132 932
1133 1062
1134 329
1135 2298
1136 2299
1137 1689 1690 2300 2301
1138 1458
1139 14 27 202 58 59 87 769
1140 1515 1513 1509
1141 857
1142 2065 2044 2058
1143 2308 2305 2307 2306 2309
1144 2017 2025 2020 2016 2132 2022 2183 2024 2021 2026
1145 2013 2131
1146 2021 2018
1147 2130 2013 2127 2012 2128 2194 2183 2133 2026 2023 2020 2131 2018 2024 2017 2016 2015 2027 2126 2132
1148 2194
1149 2016
1150 2194
1151 2012 2022
1152 2310 2022 2012 2165 2193 2198 2203 2167 2141 2168 2190 2197
1153 2012 2018 2017 2024
1154 2015 2026 2183 2024 2022 2013 2025
1155 2194 2020 2014
1156 2133
1157 2016
1158 2018 2020 2021 2014
1159 2017
1160 2128 2013 2127 2133
1161 2133 2128 2127 2027
1162 2131 2127 2019 2128
1163 2126 2022 2020 2014 2019 2012
1164 2311
1165 431 457 441 432 575 462 444 438 576 442 296
1166 464 459 1360 1355 433 1359 1354
1167 2317 1210 2327 2326 2323 2316 2322 2328 2318 2324 1209 1368 2325 2320
1168 2329
1169 2330
1170 2331 2337 2333 2335 2334 2066
1171 2021
1172 2027 2020 2018 2017
1173 2016
1174 2012 2022
1175 2338
1176 2342 2340 489
1177 2348 2345 2347 2346
1178 2349
1179 2350
1180 2351
1181 1454 1233
1182 2352
1183 2354
1184 2356
1185 2371 2010 2093 2085 2366 2083 2364 2363 2370 2358 2359 2211 2360 2369 2372 2367 2079 2094 2082 2080 2365 2373 2368 2361
1186 2011 2094 2010 2209
1187 2151 2152
1188 2375
1189 2377
1190 2378
1191 2379
1192 2393 2385 2388 2382 2381 2394 2384 2387 2390 2392 2383 2386
1193 2378
1194 2030 2028
1195 2395 2401 2396 2398 2397 2400
1196 2378
1197 2395 2400 2403 2404 2396 2406
1198 2406 2407 2409
1199 2378
1200 2383 2031 2029 2410
1201 2411
1202 2412
1203 2036 2414
1204 2415
1205 2419 2416 2418
1206 2420
1207 2421
1208 2382 2407 2425 2390 2386 2423 2422 2424
1209 2429 2417 2400 2428 2430
1210 2379 2410 2420 2414
1211 2414
1212 2420
1213 2431
1214 2034
1215 2436 2434 2432 2435
1216 2437
1217 2009 2209
1218 2444 2441 2443 2442 2445
1219 2448 1699 2447
1220 2452 2449 2451
1221 2456 2455 2453 2330
1222 2457
1223 2459 2452 2458 2450 2455
1224 2460
1225 2461
1226 2462
1227 2464 550 2463
1228 2465
1229 1468 1470 1458 1466 1455 1462 1461 1472 1464 1459 1463 1308 1456 1240 1469
1230 552 554 551 519
1231 2471 2468 2470 2469 2472
1232 322
1233 1465 1459 1458 1455
1234 2474
1235 1446
1236 2476 2477
1237 2483 2480 2482 2481
1238 762
1239 2484
1240 1291 1293 1300 1298 1294
1241 2490 2487 2489 2488 2491
1242 2111
1243 2497 2492 2500 2494 2496 2495 2498
1244 2506 2503 2505 2504
1245 1186 861 388 860
1246 1196
1247 2507
1248 1197
1249 2521 2519 2337 2517 2511 2523 2513 2516 2518 2520 2512 2515
1250 330 348
1251 2524
1252 2527 1347 855 2526 1351
1253 1423
1254 2528
1255 2529
1256 2533 1657 2539 2531 2532 2542 382 2543 2541 534 2537 826 2535 2538 531 2544 2534
1257 1460 1454 1306 1305 493 1470 1242 1552 1239
1258 1243
1259 1237
1260 1240 1294 1468 1462 1452 1472 1234 1451 1467 1307 1470 1466 1469 1306 1457 1229 1291 1471 1461 1459
1261 2545
1262 2547
1263 2548
1264 2548
1265 550 2550
1266 2551
1267 2552
1268 2548
1269 2548
1270 2554 2555
1271 2549 550
1272 2557 2558
1273 2556 2558 2559 2463 2550 2557
1274 2560
1275 2562
1276 2546 550 2556 2550
1277 2551
1278 2548
1279 2548
1280 2548 2565 2564 2568 2566 2567 2562 2550
1281 2568 2566 2550 2547
1282 2548
1283 2546
1284 2559
1285 2563 550 2464
1286 2570 2563 2569
1287 2547 2548
1288 2546
1289 2574 2573 955 1019 1018
1290 729
1291 1303 495 1293 1236 1241 1291 1455 1451 1423 1448 1296 1232 1552 1230 1464 1237 1238 1300 1231 1465 1243 493 1457 1308 1453 1424 1471 1295 1234 1292 1240 1449 1304 1450 1452 1242 494 1298 1302
1292 2575
1293 519
1294 329 2576 319 322 2578 325 2579
1295 506 2580 503 13 2581 20 16 2582
1296 2583 509 508 761
1297 2584
1298 2423 2429
1299 2378
1300 2040
1301 2379
1302 2378 2414
1303 2029
1304 2396 2416 2418
1305 2400
1306 2382
1307 2586 2584
1308 2399 2417 2589 2588 2431
1309 2401 2396 2592 2395 2397
1310 2030
1311 2584
1312 2041
1313 2030 2029
1314 2378
1315 2406 2404 2593 2423 2413 2409 2429
1316 2427
1317 2378
1318 2594
1319 2592
1320 2378
1321 2028
1322 2419 2590 2594 2398
1323 2431
1324 2378
1325 2407 2595 2422
1326 2391 2385 2388 2381 2383 2394 2596
1327 2602 2599 2601 2600 2603
1328 2612 2609 2606 2605 2616 2608 2611 2614 2607 2610
1329 1371
1330 2617
1331 2618
1332 2624 2622 2620 2623
1333 857
1334 2030 2586 2410 2420
1335 2589 2379 2414 2411 2431
1336 2594 2398
1337 2031
1338 2594 2040 2625 2029 2593 2030 2585 2041 2032 2043
1339 2392 2386 2416
1340 2028 2030 2038
1341 2398
1342 2040
1343 2032 2430
1344 2028
1345 2594
1346 2414 2411
1347 2411 2584
1348 2626
1349 2380
1350 2029 2626 2419 2031
1351 2584
1352 2413 2412
1353 2378
1354 2394
1355 2401 2396 2397 2395
1356 2395 2400 2588 2379 2397 2414 2409 2392 2396 2399 2380 2407
1357 2031 2431 2400 2421
1358 2400 2594 2627
1359 2042
1360 2628
1361 2420 2032 2628 2028
1362 2398
1363 2425 2393 2422 2407
1364 2378
1365 2033 2039
1366 2586 2420 2378 2592
1367 2030
1368 2396 2400 2036 2399
1369 2421 2398 2590 2417 2416 2419
1370 2424 2428 2417 2032 2418
1371 2032 2028
1372 2380 2389 2038 2588 2424 2037 2043 2386 2034 2425 2035 2040 2390 2028 2428
1373 2584
1374 2411 2596 2389
1375 2032
1376 2032
1377 2397 2421 2401 2409 2387 2627 2591 2589 2395 2430 2379 2431 2398 2393 2594
1378 2040
1379 2629
1380 2411 2409 2595 2586 2398 2407 2596 2431 2405 2380 2420 2410 2412 2422 2592 2403
1381 2630 2390 2409 2627 2631 2419 2389 2421
1382 2632
1383 1534 2415 2639 2634 1539 2354 2636 2638 2640 2635 2637
1384 2642
1385 2644 2645
1386 2643
1387 2644
1388 2646
1389 2650 2647 2649
1390 2111
1391 2111
1392 2651
1393 2652
1394 2651
1395 2651
1396 2651 2654
1397 2658 2655 2657
1398 1243
1399 953 954 2661 2660
1400 2143 1107 999 853 998 2662 854 2144
1401 2666 2663 2665
1402 1983
1403 1622
1404 1535
1405 2655
1406 2668
1407 1442
1408 2667
1409 2669
1410 2670
1411 2677 2636 2640 2678 2638 2675 2461 2641 2674 2676 1534 2634 2673
1412 2680
1413 2681
1414 2683
1415 2684
1416 2685
1417 2687 2688
1418 861
1419 306
1420 2677 2689 2679
1421 929
1422 2364 2360 2690
1423 303 305 1185 388
1424 2692 2693
1425 2694
1426 2695
1427 2697 2698
1428 2699
1429 2695
1430 2700 2277 2280
1431 2701
1432 2704 2702 2703
1433 2705
1434 2704
1435 2706
1436 1707
1437 1445
1438 1062
1439 1465 1467
1440 372
1441 1295 1291 1462 1292 1302 1466 1307 1303
1442 2277
1443 2710 2708 2705 2709 2711
1444 685
1445 2704 2713
1446 2279 2701 2715 2280
1447 2706
1448 2277
1449 2716
1450 2708
1451 2277 2721 2718 2705 2713 2720 2704 2722 2719 2278
1452 2473 328
1453 2723
1454 2723
1455 2723
1456 2724
1457 2723 2725 2726
1458 2723
1459 2723
1460 2724
1461 2723
1462 2723 2724 2727 2728
1463 2731 2723 2730
1464 2723
1465 2726 2724 2725 2732
1466 2723
1467 2723
1468 322 319 325
1469 2734
1470 2706
1471 2710 2709 2721 2737
1472 2701
1473 2723
1474 2723
1475 2739 2740
1476 2741
1477 2742 2745 2743 2746
1478 1744
1479 2748 2749
1480 0
1481 2712
1482 2702
1483 2712
1484 2750 2755 2752 2754 2753 2713
1485 2702 2704 2474
1486 2704
1487 2713 2701 2277 2278
1488 2713 2277 2279 2280
1489 2721 2719 2718 2722 2720
1490 2715 2720 2756 2721 2718 2722
1491 1285
1492 2706 2474
1493 2701 2702 2704 2278
1494 2703 2702
1495 2707 2754 2708 2760 2750 2751 2758 2736 2710 2759 2753 2755 2709 2757
1496 2761
1497 2763 1640
1498 2776 2769 2772 2766 2765 2777 2768 2771 2774 2767 2770
1499 346 2473 2733 2778 329 835 341 325 336 727 322 340
1500 2780
1501 2782 2783
1502 2695
1503 2784
1504 2780 2786
1505 2746 2790 2793 2788 2787 2698 2742 2792 2784 2795 2789 2791
1506 2793 2741 2796 2742
1507 2741
1508 2695
1509 2247
1510 1543
1511 2807 2799 2798 2805 2801 2804 2800 2803
1512 2808
1513 2819 2812 2811 2817 2814 2311 2813 2816
1514 2820
1515 59
1516 2822 2823
1517 2827 2824 2826
1518 2829 1535
1519 429
1520 727
1521 86 85
1522 1517
1523 2830
1524 131
1525 2832
1526 2834 2835
1527 547
1528 2838 2783 2699 2837 2788
1529 2698
1530 2836 2838 2839 2785 2699 2791
1531 2695 2780
1532 1479
1533 2016 2021 2014 2012 2020 2027 2022
1534 2020 2021 2012 2016 2022 2018 2023
1535 2027 2017 2012 2021 2025 2023 2016 2020 2024 2013 2014
1536 2841
1537 2021 2027 2018
1538 2027
1539 2166 2016
1540 2844 2845
1541 2847 2848
1542 2849
1543 320 835 2778 2733 327 2779
1544 2851 2852
1545 2845 2843 2853
1546 2844 2854 2856
1547 2849 2852
1548 2846 2858
1549 2862 2860 2848 2861
1550 2844 2843 2865 2863 2864 2860 2861
1551 131
1552 2866
1553 2846 2854
1554 130
1555 2846
1556 2847 2855 2857 2868
1557 327 320
1558 860 861 388 1185 2007 1501 928 304 926
1559 930
1560 2134 2869 527
1561 2870
1562 2871
1563 2872
1564 2873
1565 2739
1566 2882 2879 2876 2875 2885 2878 2881 2877 2880
1567 2886
1568 2887
1569 2887
1570 2888 2889
1571 2888 2890 2892 2891
1572 2893
1573 2895
1574 2890
1575 2778 835
1576 727
1577 2359
1578 2896
1579 2898 2899
1580 2901 1525 2147 1529
1581 1453 1238 1234 1451 1464 1448
1582 1481
1583 475
1584 2902
1585 2902
1586 2902
1587 2903
1588 2902
1589 2902
1590 1329
1591 557 2905 555 2908 556 2907 1330 2888
1592 2910 2909 2889
1593 2928 2933 2922 2924 2926 2912 2915 2916 2913 2927 2934 2914 2937 2935 2929 2938 2931 2918 2921 2925 2930 2917
1594 2718
1595 2713
1596 2718
1597 2710
1598 2713 2712
1599 2474
1600 2280 2277
1601 2704 2702 2706
1602 2714 2280
1603 604 1328
1604 2840 2780 2785 2940
1605 2944 2942 2697 2943
1606 2945
1607 2146
1608 1020
1609 925 307 1388 1500
1610 2947
1611 2948
1612 306 302 388 305
1613 1527 2901 1528
1614 372
1615 1459 1233 1231 1242 1235 1230 1465 1228 1552 1455 1232 1462 1454 1239 1229
1616 1458 1470 1461 1460 1463 495 1466 1468 1304 1306 1469 493 1307 1467 1297 1459
1617 1237 1232
1618 1297 1451 1234 1291 1294 495 1453 1472 1466 1471 1457 1455 1300 1469 493 1240 1241 1295 1301 1465 1462 1302 1464 1292
1619 1301 1308 1451 1307 1453 1234 1448 1238 1452 494 1460 1461 1450 1304 1467 1463 1424 1458
1620 14
1621 1230 1292 1300 1239
1622 1456 1295 1457 1455 1470 1469 1466 1307 1458 1452 1308 1299 1301 1294 1467 1463 1302 1306 1465 493 1451 494 1298 1291 1468 1234 1304
1623 2952 2951 2816 2812
1624 2953
1625 1450 1449 1234 1453 1448 1424 1452
1626 16 21
1627 525
1628 929
1629 758
1630 759 637 758 2956
1631 2965 2962 2959 2958 2968 2961 2964 2967 2960 2963
1632 2975 2658 2970 2974 2255 2973 2656 2972
1633 2977 2978
1634 2655
1635 2979
1636 2980 2981
1637 2255 2256 2983 2978 2980 2986 2984 2985
1638 2657
1639 2989 2987 2969 1426 2992 2986 1427 2990
1640 2977 2978 2993 2981
1641 2255 2971 2976 2658
1642 2657
1643 2994 2992
1644 2995
1645 2997 2975 2981 2971
1646 1425 1428 2983 3002 2998 3000 3004 2982 2999 2986 3001 2988 2979
1647 2991 3005 2970
1648 2997 3007 2971 2987
1649 2994 3009 3008 2983
1650 2255
1651 2982 2986 3010 3011 2985 3012
1652 2997 2976 2986
1653 3018 3015 3017 3016 3019
1654 3020
1655 3022 3023
1656 586 581
1657 1752
1658 1460 1467 1307 1463
1659 1236 1296 1244 1232 1241 1228 1297
1660 1295 1294 495 1458 1467 494 1463 1292 493 1460 1307 1448 1468 1296 1298 1306 1461 1424 1300 1243
1661 2744 2940 2699 2783
1662 2794
1663 2744
1664 1466 1234 1455 1463 1462 1305 1307 1467 1458 1233 1306 1450 1423 1424 1552 1470 493 1468 1460 1304
1665 3024
1666 1504
1667 3025
1668 2893
1669 603 756 598 738
1670 3027 3028
1671 3029
1672 3031 2361 2369 3030 2368
1673 729
1674 3037 3034 3036 3035 3038
1675 3039
1676 916
1677 302
1678 3041
1679 3042
1680 3048 3043 3050 3045 3052 3047 3046 3049
1681 3053
1682 3063 3066 3051 3065 3057 3061 3068 3058 3060 3062 3064 3046 3053
1683 1744
1684 3069 3059 3063 3062 3067
1685 3071 3072
1686 3043 3068 3074 3076 3075 3069
1687 3068 3072 3064 3069
1688 3054 3070 3072
1689 3054 3070 3072
1690 3068 3069 3067 3064
1691 3068 3069 3064 3078
1692 3069 3060 3046 3057 3054 3053 3062 3059 3051
1693 3068 3069 3067 3064
1694 3054 3070 3063
1695 3062 3069
1696 3079
1697 3060 3063
1698 3064
1699 3085 3074 3082 3081 3086 3048 3084 3047 3083
1700 3067 3071 3072 3046 3057 3054 3053 3051 3063 3059 3060
1701 3064 3065
1702 3060
1703 3051 3070 3069 3046 3054 3053 3059 3062
1704 3045 3073
1705 3063 3054
1706 3066 3074 3063
1707 3059 3067
1708 3071 3065 3057 3063 3064 3067 3070 3060 3068 3046 3062 3053 3051 3069 3059
1709 3077 3074 3055 3075
1710 3071 3054 3051 3045 3063 3053 3046 3060
1711 3094 1658 3093 3098 1655 377 392 3087 378 3096 3088 1376 3097 1380 390 375 3090 1374 1377 3095 3089
1712 3104 3101 3103 3102
1713 2724 2723
1714 2723
1715 2723
1716 2723
1717 2731
1718 2723
1719 2723
1720 2723
1721 2725
1722 3106
1723 2723
1724 2723
1725 2723
1726 2725
1727 835 329 2779 2733 324
1728 2712
1729 2706
1730 2756 2715 2719 2721 2720 2718 2714 2700
1731 2718 2704
1732 2474
1733 2278
1734 2702 2704
1735 2721 2718 2280 2279 2714 2719 2277 2715 2700 2722
1736 3110 3108 2347
1737 3111
1738 3045 3117 3044 3075 3119 3052 3113 3074 3078 3114 3050 3047 3049 3118 3077 3115
1739 3054
1740 3057
1741 3083 3080 3075 3112 3078 3049 3114 3061
1742 3121
1743 3121 3060 3082 3074 3053 3069 3046 3051 3054 3077 3081 3059 3080 3084 3118 3070 3086 3066 3056 3078 3072 3063 3058 3061 3050 3122 3114 3048 3075
1744 3065 3055 3064
1745 3081 3113
1746 3074 3124 3080 3123 3077 3082 3053 3075 3043 3073
1747 1500 380 1653 1502 1508
1748 2953 3127 948 1444 3129 3042 3128 3130
1749 3131
1750 3132
1751 2793 3133 2786 2791
1752 2839 2744
1753 2741
1754 305 728 306 388 729 304 708
1755 1022 3135
1756 527
1757 1185
1758 3139 3137 549
1759 2565 3147 2558 2557 3145 2564 2566 3148 3141 3146 3143 2547 2567 2562
1760 2565
1761 1423
1762 2839
1763 2786
1764 3149
1765 2093
1766 3151 3152
1767 1499 1510 379
1768 3156 2990 3158 3154 3001 3155 3157
1769 3001
1770 2979 1426 2998 1427 2994 2988 2999 1425
1771 2658
1772 2656 2658
1773 3160
1774 3161
1775 2093
1776 2714 2718
1777 2280 2701 2277 2706
1778 2700 2755 2280 2714
1779 2760
1780 2713
1781 2702 2704 2713
1782 2700
1783 2737 2753 2735 2736
1784 2760
1785 2744 2785
1786 2794 2793 2781 2741
1787 2793
1788 3162
1789 982 3164
1790 2761
1791 3165 3166
1792 2761
1793 1457 1466 1470 1456 1462 1469 1459 1458 1455
1794 1423 494 1458 3167 1461 1465 1468 1307 1469 1291 1457 1455 1466 1467 493 1459
1795 1452 1451 1456 1297 1472 1240 1459 1464
1796 1461 1463 1456 1467 1307 1469 1458 1466
1797 708
1798 1643 1388
1799 825
1800 2705 2721 2719 2720
1801 2755 2754 2277 2710 2752
1802 2278
1803 2720 2718 2278 2714
1804 2709 2737
1805 2704
1806 2278 2280 2701
1807 2703
1808 2714
1809 2750 2752 2710
1810 475 140
1811 303
1812 3169
1813 857
1814 3170
1815 3173 3174
1816 3175 3170 3174
1817 3176
1818 3180 3179 3177 3170
1819 3170
1820 3170
1821 3044
1822 2427
1823 855 1344 1347
1824 3183 3108 3182
1825 3184
1826 3186
1827 758 3192 3189 3190 637 3191
1828 3198 3195 3197 3196
1829 327 2576 727 324 835 340 2579 2578
1830 3200 3201
1831 3202
1832 2823
1833 3203
1834 3204
1835 2823
1836 2714 2718 2280 2700
1837 2737 2736 2760
1838 2735
1839 2277 2712 2701
1840 2750 2752
1841 2719 2754 2715 2736 2737 2755 2750 2752
1842 2721 2705
1843 2721 2714 2715
1844 3205
1845 2579
1846 3208 3209
1847 2823
1848 2256 2656
1849 3210
1850 3211
1851 3212
1852 1793
1853 2721 2277
1854 2700 2703 2277 2474
1855 2758
1856 2706
1857 2702
1858 2713
1859 2706
1860 2713 2720 2722 2712 2719 2721
1861 3224 3217 3220 3215 3214 3225 3216 3219 3222 2828 3218
1862 861
1863 3229 3226 3228
1864 1744
1865 3230
1866 348
1867 727 835
1868 328 322 335 2473
1869 343 2579 322 2578
1870 3235 2885 3232 3234
1871 3236
1872 2349
1873 2094 3238
1874 3243 3241 3242 2852
1875 2845
1876 348
1877 2853 2846 2845
1878 319 325
1879 2850 2852
1880 2856 2861 2850 2868 2855
1881 2862
1882 2863 2864 2862 2855
1883 2111
1884 3248 3245 3247 3246 2332
1885 3252 3249 3251
1886 162 164
1887 2981 2977 2993 2980 3253
1888 2655
1889 3254
1890 1388
1891 3256
1892 1426 2978 3001 3154 3157 3257 1427 2989
1893 3258
1894 3259 3265 3261 3258 3262 3264
1895 3265
1896 3264
1897 3264
1898 3263 3267 3260
1899 2952 2816 2312 2311
1900 3268
1901 3271 2950 2819 131 2812 3270 2312
1902 305
1903 861
1904 1284
1905 860 729
1906 861 304
1907 925
1908 926 1379 1517 1388
1909 1283 729
1910 729 1388 930 1284
1911 1512
1912 3272 3273
1913 2209
1914 377
1915 1186
1916 1378
1917 3274
1918 1185
1919 925 1284 708 930
1920 2924
1921 3275
1922 158
1923 3279 893 3278 1893 3280
1924 3286 3281 3289 3283 3285 3284 3287
1925 3290
1926 3291
1927 3291
1928 3304 3306 3301 3305 3295 3302 3308 3297 3300 3303 3290 3296 3299
1929 3313 3311 3303 3309 3292 3291 3312 3310 3295
1930 3307
1931 3292 3309 3291
1932 3319 3316 3318 3317 3320
1933 2895
1934 2895
1935 3323 3321 3322
1936 3324
1937 893
1938 1284 1283
1939 3325 1372 1371 3328 3327 3330
1940 2987 2970 3007 3006
1941 2657 2655 2974
1942 1778 1791 1784 1783 1789 1788 1792 1781
1943 2723 3332
1944 2723
1945 2723
1946 2723
1947 2723
1948 2723
1949 2723
1950 2219
1951 164 263 161 2947 262
1952 3333
1953 375
1954 306
1955 2007 1517 1283 1392
1956 1388
1957 376 377 3093 3335
1958 926
1959 1496 611
1960 3093
1961 375
1962 3341 3338 3340 3339
1963 729
1964 306 305
1965 855 3342 3149
1966 268 353 352
1967 3344
1968 51 157 352 264 49 353 159
1969 3347 1092 1377 3334 3092 3093 3089 3348
1970 164
1971 157 50 49 2947 274 161
1972 164 2947 349 161
1973 3349 354
1974 53 158 163
1975 273 52 3349
1976 158
1977 157 262 161
1978 352 2172 2219 269 270 53 353 349
1979 350 349 272
1980 162
1981 53 166 156
1982 156
1983 161 159 162 3351 3349 164 166
1984 52
1985 2093
1986 159
1987 2368 2358 2359 2369 3030 3031 2361 2364
1988 3352
1989 2094 2093 2009 2209
1990 349
1991 3354
1992 3355
1993 3361 3357 3363 3359 3365 1983 3360 3362
1994 3291
1995 3299
1996 3170
1997 2976 2980
1998 825 387 386 993 382
1999 2252 2250 2254 3367 2253 2151 2247 2152
2000 526 804
2001 3369 2867 2831 131 3370
2002 3374 3371 3373
2003 2007 930 1283
2004 1496 1284 1642 1495
2005 861
2006 1500 611 708 729
2007 825 826 1017
2008 303
2009 1495 611
2010 302 306 1498 930 303 388 1390 3375 1392 1185 1510 1387 391 729 304 708 3092
2011 3379 3377 3376 3378
2012 475
2013 3384 3382 3380 3383
2014 3385
2015 547
2016 477 3387 476
2017 3389
2018 2247 2211
2019 2093
2020 3006 3391 2991 3392
2021 3396 3394 3395 3391
2022 3397
2023 3398
2024 3400
2025 3401
2026 875 2860 874 2855
2027 2970
2028 3403 3404
2029 2657 2991
2030 3405
2031 1512 1511 1643 825
2032 3408 3407 615
2033 3413 3410 3412 3411
2034 3414
2035 2599
2036 826
2037 3210
2038 3423 3420 3426 3418 3433 3431 3428 3417 3424 3434 3419 3427 3422 3425 3429 3421
2039 1489
2040 2256
2041 385 993
2042 1392 388 1186 3435
2043 3436
2044 1344 187
2045 3443 3441 1964 3439 3450 3448 148 3438 3444 3451 3440 3445 3442 154 3446 861
2046 1284
2047 2267 3453
2048 1806 3454 3455
2049 2504
2050 3456
2051 1989
2052 2655
2053 2573
2054 3458
2055 1284
2056 1504 928 388 304 925 306
2057 1642
2058 3459
2059 3460
2060 3020 3462
2061 3219 3218 3220 3221
2062 3464
2063 2084 3466
2064 306 708 305 729 303 927
2065 2455
2066 525
2067 3467
2068 1262 1259 1275
2069 2548
2070 1372
2071 262
2072 3470
2073 3474 1534 3471 3473
2074 3475
2075 187
2076 3477
2077 3481 3479 3459 3480
2078 3486 3484 3482 3485
2079 3480
2080 3492 3488 3487 3486 3485 3490 3484 3489
2081 3459
2082 3481 3494 3479 3477 3480
2083 3498 3496 3491 3497
2084 860
2085 930
2086 925 3093 928 3335 307 1509 926
2087 3292
2088 3499
2089 3400
2090 3502 3454 1746
2091 1660
2092 3511 3504 3503 3510 3506 3509 3505 3508
2093 3512
2094 388
2095 3517 3514 2674 2672 3513 2354 2637 3515 2676 2415 2639
2096 130
2097 1185
2098 3010 2984 2991 2985 3011
2099 2658
2100 2298
2101 2453 3532 3525 2452 3522 2455 3526 3530 3529 3521 2456 2458 3523 3524 3528 3531 2451
2102 3537 3535 3533 3536
2103 3334
2104 3395
2105 3009 2978
2106 2995 3253 3538 2993 2996 3391
2107 2256
2108 3540
2109 2813
2110 3542
2111 3552 3549 3546 3545 3555 3548 3551 3547 3550
2112 2565
2113 3556
2114 2545 2558
2115 2548
2116 2563
2117 2463 2548
2118 375
2119 1517
2120 2893
2121 2547
2122 3558
2123 2754 2701 2755 2713 2756 2700
2124 2703 2706
2125 2706
2126 2715 2714 3560 2700
2127 2706
2128 3561
2129 72 76 70
2130 460 457 430 437 462 458 576
2131 1751
2132 1186 1185 304 388 378
2133 1186 860 1185
2134 927
2135 1284
2136 3069 3055 3065 3046 3068 3059 3058 3064
2137 3563
2138 3063 3053 3051
2139 3077 3049 3061 3052 3066
2140 3077 3080 3072
2141 3058
2142 3059 3067
2143 3068 3064 3055 3065
2144 3078 3056 3061
2145 3078 3043 3045
2146 3058
2147 3056
2148 3043
2149 3117 3048 3044 3049
2150 3080 3077 3082 3073 3045 3075
2151 3067 3062 3065 3069
2152 3045
2153 3113 3568 3115 3566 3117 3120
2154 3563 3079 3573 3050 3570 3564 3114 3572 3118 3061 3112 3124
2155 3388
2156 3576 3574 3119
2157 547
2158 3065 3118 3055 3064
2159 861 388 1186
2160 3581 3579 2529 3580
2161 1284
2162 3388
2163 3582
2164 708
2165 927
2166 306
2167 2292
2168 3122 3055 3065 3058 3117 3059 3120
2169 3583 3115 3044 3052 3047 3117 3574 3049
2170 3584 3585
2171 131
2172 1392
2173 3591 3586 3517 3588 3590 3589 2637
2174 3592
2175 3596 3593 3595
2176 3597
2177 3599 2450
2178 2547
2179 2028 2029 2032 2031 2030
2180 2032 2028
2181 2036
2182 2028
2183 2032
2184 2028
2185 2043 2038 2042 2041
2186 2032
2187 2032
2188 2028
2189 2028
2190 2032
2191 2029 2032 2031
2192 2028
2193 2028
2194 547
2195 1502
2196 3093 3335
2197 388 306
2198 3601 3602
2199 3603
2200 1534
2201 163
2202 263
2203 52 262 2947 3351 273
2204 49 264 354 51 269 52 2217 50
2205 2172 269 264 52
2206 262 263 53 49 158
2207 161
2208 264 157 159 50
2209 352
2210 2947
2211 3604
2212 3605
2213 581 3608 585 586
2214 306
2215 926 928 1392 2007
2216 1388
2217 3612 492 3611 3610
2218 303 708 861 1501 1504 1186 304 860 306 302 1392 928 1185 388 927 1284
2219 388 729
2220 3093
2221 547
2222 3613
2223 3093 3089 1622 1495 926 307 1514 1496
2224 708 927 1392 928 1284 1283
2225 860
2226 504
2227 1020
2228 3616 3617
2229 3618
2230 3633 3625 3628 3622 3621 3634 3624 3627 3630 3632 3623 3626
2231 3641 674 3637 3636 3644 3639 3640 3638 676
2232 3006
2233 3067 3059 3069 3062
2234 3646 3647
2235 2007 925 1642 1504 1507
2236 3648
2237 1889 1890
2238 3651 1890
2239 1892 3652 3654
2240 3653
2241 3276
2242 3650 3651
2243 893
2244 1889
2245 3279
2246 1892
2247 3650 3651 3655
2248 3652 3650 3653 3654
2249 1891 1892 3279 3653
2250 1892 3654 3653 3655
2251 3657 3277 3654
2252 3653
2253 1890 1889 3278 3652
2254 3655 3277 3654 3653
2255 3651 3279 3655
2256 3658 3654
2257 3653
2258 861
2259 927
2260 927 930 2007 1392 391 1517 928
2261 1496 3347 930 1200 1622 1502 1185 3089 1517
2262 3280
2263 3656 3659 3661
2264 1653
2265 3649 3654
2266 3278 3279 1892 3660 3276 893 3654 3658 3656
2267 3652
2268 3278 3654 1892 893
2269 1889 3653 1891
2270 1890
2271 3652 3653 1892
2272 893 3659 3279 3662 3654 3276 3278
2273 3649 3653 3660
2274 1774
2275 3663
2276 3664
2277 2728 3668 3670 3669
2278 3677 3683 3678 3694 3671 3674 2730 2726 3685 3675 3679 3672 3105 2725 3106 3673 3693 3688 3690 3331 3332 3684 3689 2732 3686 3676 3681 3691
