org_id remap_id
877049 0
877053 1
877071 2
877132 3
877221 4
877222 5
877223 6
877227 7
877211 8
877228 9
877043 10
877383 11
877045 12
877079 13
877044 14
877039 15
877046 16
877065 17
877081 18
877058 19
877423 20
877095 21
877077 22
877034 23
877096 24
877031 25
877070 26
877180 27
877098 28
877398 29
877086 30
877385 31
877386 32
877145 33
877190 34
877033 35
877082 36
877054 37
877055 38
877080 39
877152 40
877421 41
877089 42
877078 43
877062 44
877023 45
877247 46
877158 47
877422 48
877100 49
877038 50
877237 51
877084 52
877068 53
877129 54
877135 55
877056 56
877073 57
877128 58
877231 59
1010323 60
877011 61
877074 62
877032 63
877025 64
877052 65
877035 66
877061 67
877064 68
877091 69
877093 70
877012 71
877015 72
877047 73
877059 74
877088 75
877134 76
877399 77
877037 78
877040 79
877051 80
877094 81
877067 82
877030 83
673733 84
674383 85
673530 86
673739 87
674043 88
674055 89
674105 90
674119 91
674176 92
674392 93
674065 94
674053 95
674136 96
674171 97
674367 98
673975 99
674064 100
674073 101
674089 102
674096 103
674112 104
674166 105
674195 106
674212 107
674225 108
674236 109
674249 110
674250 111
674252 112
674322 113
674359 114
674360 115
674437 116
813701 117
813710 118
814280 119
673724 120
674393 121
673723 122
674449 123
674010 124
674373 125
674075 126
674079 127
674087 128
674103 129
674207 130
674251 131
673740 132
673988 133
674021 134
674108 135
674129 136
674160 137
674216 138
674434 139
674435 140
674110 141
674146 142
674213 143
674314 144
674023 145
674124 146
674208 147
674003 148
674086 149
674427 150
674194 151
674285 152
673542 153
674165 154
673746 155
673981 156
674084 157
674370 158
674054 159
674067 160
674325 161
673737 162
674271 163
674150 164
673523 165
674158 166
674214 167
674059 168
674282 169
674015 170
674072 171
674088 172
674353 173
673524 174
673526 175
673727 176
673728 177
673982 178
674017 179
674058 180
674078 181
674083 182
674100 183
674118 184
674122 185
674180 186
674186 187
674188 188
674248 189
674263 190
674265 191
674278 192
674292 193
674293 194
674296 195
674306 196
674332 197
674347 198
674351 199
674352 200
674355 201
673537 202
674091 203
674182 204
674143 205
674257 206
674057 207
674099 208
674168 209
674433 210
673519 211
546659 212
546667 213
546668 214
546670 215
546671 216
546672 217
546907 218
546669 219
546688 220
546645 221
547013 222
546874 223
546647 224
546725 225
546871 226
546658 227
546650 228
546652 229
546657 230
546654 231
547017 232
546655 233
546656 234
546707 235
546876 236
546883 237
546900 238
546664 239
546879 240
546662 241
546986 242
547009 243
546665 244
546681 245
546683 246
546684 247
546686 248
546687 249
546691 250
546692 251
546694 252
546696 253
546697 254
546702 255
546713 256
546717 257
546719 258
546721 259
546732 260
546733 261
546734 262
546735 263
546737 264
546644 265
546614 266
543055 267
543058 268
543088 269
543113 270
542891 271
542807 272
542797 273
542808 274
542811 275
542864 276
542892 277
909071 278
909254 279
909087 280
909229 281
909260 282
909094 283
909243 284
909033 285
909016 286
909019 287
909287 288
909327 289
909093 290
909092 291
909339 292
909101 293
909321 294
909325 295
909037 296
909238 297
909245 298
909246 299
909247 300
947016 301
909274 302
909323 303
909018 304
909020 305
909091 306
909284 307
909286 308
957615 309
989839 310
1019025 311
909231 312
909250 313
909285 314
909288 315
909289 316
909290 317
909291 318
909292 319
909293 320
909294 321
909330 322
909090 323
909013 324
909232 325
909233 326
704073 327
703722 328
703943 329
703944 330
704224 331
703723 332
704075 333
703945 334
703946 335
704079 336
703725 337
703894 338
703895 339
703896 340
703901 341
703902 342
703897 343
703962 344
704071 345
703736 346
703956 347
703960 348
704116 349
703942 350
704218 351
703742 352
703939 353
703940 354
703967 355
703968 356
703970 357
703971 358
703983 359
704062 360
704063 361
704064 362
704065 363
704066 364
704067 365
704068 366
704069 367
704214 368
704221 369
703898 370
703732 371
704226 372
704229 373
703737 374
703721 375
798670 376
798728 377
798747 378
798731 379
798830 380
798635 381
798633 382
798674 383
798737 384
798620 385
798833 386
798636 387
798626 388
798627 389
798628 390
798756 391
798757 392
798832 393
798622 394
773390 395
772737 396
772987 397
772988 398
773084 399
773313 400
773375 401
773457 402
773425 403
773172 404
773269 405
773173 406
773177 407
773316 408
773309 409
773024 410
773144 411
773182 412
773034 413
773010 414
773100 415
773399 416
773437 417
773083 418
773428 419
773089 420
773301 421
773201 422
773412 423
773414 424
773002 425
773151 426
773183 427
773251 428
773294 429
773329 430
773339 431
773343 432
773132 433
773152 434
773194 435
773379 436
773419 437
773040 438
773042 439
773120 440
773334 441
773385 442
773046 443
773155 444
773388 445
773096 446
773344 447
773386 448
773393 449
773405 450
773402 451
773062 452
773065 453
773001 454
773016 455
773244 456
773008 457
773345 458
772990 459
772991 460
772995 461
772997 462
773033 463
773122 464
773127 465
773128 466
772994 467
773061 468
773130 469
773175 470
773069 471
773123 472
773135 473
773427 474
773023 475
773055 476
773056 477
773126 478
773129 479
773060 480
773137 481
773157 482
773204 483
773260 484
773469 485
773471 486
773022 487
773138 488
773139 489
773140 490
773085 491
773147 492
773162 493
772735 494
773346 495
773090 496
773456 497
772998 498
773031 499
773160 500
773422 501
773168 502
772736 503
772738 504
773423 505
773426 506
772704 507
773028 508
773029 509
773030 510
773080 511
773112 512
773453 513
773459 514
773460 515
772700 516
773114 517
772702 518
773115 519
772698 520
773009 521
772699 522
773117 523
773187 524
773099 525
773161 526
773202 527
773256 528
773259 529
773340 530
773347 531
772705 532
772729 533
661804 534
661810 535
661694 536
661695 537
661696 538
661697 539
661585 540
661712 541
661597 542
661576 543
661607 544
661588 545
661603 546
661570 547
661578 548
661572 549
661598 550
661591 551
661608 552
661577 553
661573 554
661599 555
661609 556
661584 557
661606 558
661601 559
661579 560
661705 561
661750 562
661807 563
661594 564
661610 565
661613 566
661592 567
661611 568
661753 569
661602 570
661614 571
661595 572
661600 573
661612 574
661710 575
661802 576
661808 577
661575 578
877036 579
877076 580
877085 581
877156 582
877066 583
877069 584
877042 585
877379 586
877099 587
877387 588
877026 589
542889 590
543071 591
543038 592
542812 593
543020 594
542810 595
542893 596
543324 597
542799 598
543270 599
542794 600
542804 601
542894 602
543022 603
543075 604
543041 605
542802 606
542895 607
543036 608
543056 609
543145 610
543179 611
543180 612
543181 613
543185 614
543263 615
543268 616
543276 617
542803 618
542792 619
542795 620
790830 621
790835 622
790887 623
790824 624
790820 625
790808 626
790834 627
790837 628
790819 629
790823 630
790838 631
790854 632
790924 633
790839 634
790831 635
790812 636
790901 637
790828 638
790861 639
790847 640
790862 641
790875 642
790921 643
790933 644
790737 645
790821 646
790822 647
790846 648
790845 649
790827 650
790923 651
790813 652
790863 653
790866 654
790816 655
790843 656
790903 657
790829 658
790809 659
790810 660
790853 661
790934 662
790832 663
790855 664
790904 665
790922 666
790732 667
790740 668
790738 669
909236 670
909237 671
909281 672
909333 673
909031 674
909295 675
909328 676
909077 677
909022 678
909062 679
909234 680
909240 681
909242 682
909251 683
909283 684
909296 685
909066 686
909230 687
909015 688
813941 689
814201 690
813959 691
814053 692
813937 693
813962 694
813963 695
813964 696
813965 697
813967 698
814074 699
814086 700
814096 701
814117 702
814119 703
814132 704
814048 705
813951 706
813955 707
814084 708
813956 709
813969 710
814300 711
813935 712
768336 713
768338 714
768351 715
768376 716
661693 717
661735 718
661733 719
661734 720
661701 721
661716 722
661714 723
661593 724
661727 725
661799 726
661732 727
877397 728
877075 729
779720 730
779718 731
779071 732
779332 733
779339 734
779555 735
779648 736
779705 737
779706 738
779707 739
779708 740
779709 741
779710 742
779711 743
779712 744
779713 745
779714 746
779833 747
779452 748
779335 749
779726 750
779556 751
779437 752
779725 753
779831 754
779727 755
779728 756
779447 757
779527 758
779348 759
779729 760
779477 761
779490 762
779276 763
779277 764
779278 765
779650 766
779078 767
779374 768
779529 769
779546 770
779699 771
779356 772
779394 773
779412 774
779358 775
779363 776
779826 777
779337 778
779613 779
779396 780
779357 781
779397 782
779830 783
779398 784
779267 785
779268 786
779269 787
779333 788
779474 789
779522 790
779427 791
779409 792
779734 793
779735 794
779700 795
779568 796
779614 797
779266 798
779336 799
779647 800
779380 801
779461 802
779632 803
779462 804
779463 805
779464 806
779736 807
779737 808
779738 809
779411 810
779459 811
779523 812
779524 813
779383 814
779723 815
779724 816
779387 817
779633 818
779740 819
779353 820
779361 821
779404 822
779406 823
779408 824
779364 825
779370 826
779393 827
779417 828
779525 829
779628 830
779615 831
779372 832
779388 833
779390 834
779415 835
779476 836
779745 837
779616 838
779674 839
779407 840
779418 841
779451 842
779744 843
779431 844
779259 845
779260 846
779261 847
779262 848
779275 849
779279 850
779280 851
779442 852
779445 853
779557 854
779558 855
779637 856
779379 857
779549 858
779551 859
779636 860
779675 861
779747 862
779281 863
779761 864
779282 865
779715 866
779716 867
779717 868
779832 869
779521 870
779668 871
779526 872
779677 873
779702 874
779779 875
779780 876
779781 877
779782 878
779378 879
779783 880
779784 881
779785 882
779624 883
779465 884
779460 885
779678 886
779697 887
779263 888
779581 889
779582 890
779583 891
779584 892
779585 893
779586 894
779587 895
779640 896
779272 897
779273 898
779283 899
779626 900
779641 901
779839 902
779344 903
779405 904
779429 905
779439 906
779088 907
779421 908
779446 909
779619 910
779271 911
779345 912
779381 913
779423 914
779539 915
779466 916
779467 917
779553 918
779270 919
779449 920
779681 921
779264 922
779538 923
779428 924
779414 925
779436 926
779679 927
779819 928
779822 929
779331 930
779360 931
779430 932
779453 933
779265 934
779355 935
779683 936
779334 937
779352 938
779362 939
779371 940
779389 941
779567 942
779665 943
779805 944
779820 945
779391 946
779400 947
779401 948
779402 949
779630 950
779631 951
779672 952
779343 953
779347 954
779349 955
779351 956
779384 957
779386 958
779395 959
779440 960
779620 961
779623 962
779629 963
779651 964
779670 965
779385 966
779625 967
779369 968
779433 969
779671 970
779365 971
779368 972
779413 973
779634 974
779354 975
779392 976
779635 977
779746 978
779341 979
779342 980
779382 981
779673 982
779359 983
779366 984
779639 985
779076 986
779080 987
779346 988
779410 989
779420 990
779642 991
779653 992
779399 993
779422 994
779424 995
779438 996
779643 997
779644 998
779645 999
779075 1000
779089 1001
779652 1002
716271 1003
716272 1004
716346 1005
716638 1006
716742 1007
716762 1008
716808 1009
716860 1010
716865 1011
716262 1012
716861 1013
716732 1014
716261 1015
716342 1016
716351 1017
716645 1018
716815 1019
716851 1020
716873 1021
716240 1022
716671 1023
716275 1024
716352 1025
716649 1026
716876 1027
716877 1028
716317 1029
716318 1030
716682 1031
716744 1032
716745 1033
716251 1034
716643 1035
716678 1036
716880 1037
716222 1038
716440 1039
716660 1040
716219 1041
716247 1042
716276 1043
716378 1044
716383 1045
716640 1046
716650 1047
716683 1048
716838 1049
716216 1050
716238 1051
716325 1052
913528 1053
913535 1054
913474 1055
913475 1056
913476 1057
913477 1058
913534 1059
913657 1060
913478 1061
913506 1062
913507 1063
913508 1064
913512 1065
913513 1066
913514 1067
913527 1068
913624 1069
913479 1070
913537 1071
913661 1072
913525 1073
913468 1074
913504 1075
913511 1076
913520 1077
913521 1078
913524 1079
913666 1080
926325 1081
913481 1082
913519 1083
913503 1084
913484 1085
913486 1086
913482 1087
913483 1088
913487 1089
913488 1090
913502 1091
913522 1092
913532 1093
913676 1094
913683 1095
913681 1096
913685 1097
913485 1098
913489 1099
913664 1100
926332 1101
913673 1102
913648 1103
913652 1104
913695 1105
937829 1106
913497 1107
957624 1108
913495 1109
913510 1110
913509 1111
913740 1112
949687 1113
949691 1114
913491 1115
989327 1116
989840 1117
913465 1118
989842 1119
913734 1120
926339 1121
937830 1122
957623 1123
989841 1124
913602 1125
913696 1126
913643 1127
913516 1128
913684 1129
913493 1130
946589 1131
985230 1132
951619 1133
951620 1134
951621 1135
951622 1136
951623 1137
913694 1138
913500 1139
926333 1140
942393 1141
987931 1142
1010038 1143
913490 1144
913515 1145
913616 1146
913690 1147
926327 1148
992243 1149
913466 1150
913494 1151
913680 1152
913473 1153
913689 1154
913691 1155
913606 1156
926335 1157
937841 1158
937843 1159
551170 1160
551053 1161
551013 1162
551065 1163
551079 1164
551173 1165
551011 1166
551012 1167
551010 1168
909060 1169
909342 1170
909267 1171
909268 1172
909269 1173
909270 1174
909271 1175
909272 1176
909273 1177
909316 1178
909261 1179
909262 1180
909280 1181
909317 1182
909347 1183
909073 1184
909061 1185
909244 1186
909035 1187
909068 1188
909070 1189
909052 1190
909030 1191
909053 1192
909076 1193
909252 1194
909014 1195
909265 1196
909266 1197
909275 1198
942322 1199
909075 1200
909248 1201
909064 1202
1011838 1203
1011840 1204
909069 1205
909303 1206
909304 1207
909305 1208
909306 1209
909307 1210
909308 1211
909309 1212
909310 1213
909311 1214
909312 1215
909313 1216
909314 1217
909249 1218
909332 1219
909102 1220
909253 1221
1042375 1222
1046237 1223
1046866 1224
909039 1225
909067 1226
779545 1227
779612 1228
779682 1229
779441 1230
779656 1231
779540 1232
779550 1233
779704 1234
779621 1235
779821 1236
779664 1237
814218 1238
813711 1239
674157 1240
813931 1241
814082 1242
814154 1243
673539 1244
674097 1245
674187 1246
674245 1247
674301 1248
674302 1249
674341 1250
674283 1251
814142 1252
674391 1253
674297 1254
813939 1255
674366 1256
924979 1257
674179 1258
674199 1259
674228 1260
674266 1261
674267 1262
674268 1263
674270 1264
674272 1265
813706 1266
813708 1267
673729 1268
779580 1269
779721 1270
779722 1271
779487 1272
779488 1273
779489 1274
779491 1275
779492 1276
779493 1277
779569 1278
779570 1279
779571 1280
779741 1281
779592 1282
779479 1283
779834 1284
703741 1285
703900 1286
704074 1287
703726 1288
704215 1289
704217 1290
703948 1291
704082 1292
703735 1293
703953 1294
704102 1295
703727 1296
790926 1297
790874 1298
790856 1299
790937 1300
543301 1301
543068 1302
543091 1303
543187 1304
543188 1305
768783 1306
543273 1307
543086 1308
768337 1309
768340 1310
768348 1311
543062 1312
674069 1313
674269 1314
674436 1315
674169 1316
674032 1317
674101 1318
674077 1319
674230 1320
674040 1321
674151 1322
674028 1323
673996 1324
674019 1325
674016 1326
674153 1327
674167 1328
673972 1329
674181 1330
674203 1331
674240 1332
674012 1333
674046 1334
673971 1335
674095 1336
674152 1337
673991 1338
674005 1339
674007 1340
674258 1341
674098 1342
674121 1343
674264 1344
673992 1345
673993 1346
673994 1347
674008 1348
674036 1349
674049 1350
674093 1351
674123 1352
674133 1353
674337 1354
673984 1355
674013 1356
674358 1357
673745 1358
674047 1359
674378 1360
674120 1361
674307 1362
673731 1363
674085 1364
674308 1365
673534 1366
673536 1367
674321 1368
673521 1369
674107 1370
674144 1371
877050 1372
877230 1373
877236 1374
877384 1375
877142 1376
877087 1377
877057 1378
877420 1379
877241 1380
546890 1381
547011 1382
546723 1383
546903 1384
546714 1385
546731 1386
546738 1387
546739 1388
546716 1389
546676 1390
546678 1391
546899 1392
546675 1393
546680 1394
546682 1395
546653 1396
546685 1397
546699 1398
546695 1399
547001 1400
546693 1401
546648 1402
547047 1403
547048 1404
546690 1405
546703 1406
546677 1407
546728 1408
546651 1409
546736 1410
546705 1411
546711 1412
546966 1413
546649 1414
730023 1415
730006 1416
730014 1417
730017 1418
730018 1419
730024 1420
730052 1421
730054 1422
730132 1423
730069 1424
729787 1425
730012 1426
730050 1427
729789 1428
729797 1429
730010 1430
730015 1431
730019 1432
730022 1433
730070 1434
730068 1435
729683 1436
730076 1437
730039 1438
730042 1439
730075 1440
729779 1441
729788 1442
730087 1443
730007 1444
730016 1445
730035 1446
730040 1447
730102 1448
730113 1449
730115 1450
730116 1451
729671 1452
909298 1453
909065 1454
909301 1455
909322 1456
779072 1457
779719 1458
779416 1459
779825 1460
779731 1461
779701 1462
779676 1463
779829 1464
779638 1465
779483 1466
779663 1467
779796 1468
779798 1469
779375 1470
779548 1471
779536 1472
909335 1473
909349 1474
543189 1475
543082 1476
543096 1477
543139 1478
543191 1479
543228 1480
543116 1481
543192 1482
543054 1483
543065 1484
543186 1485
543190 1486
542800 1487
543194 1488
543051 1489
543077 1490
543109 1491
543149 1492
543193 1493
543210 1494
542805 1495
543208 1496
543209 1497
543184 1498
543241 1499
543182 1500
543021 1501
543289 1502
543024 1503
543031 1504
543046 1505
543078 1506
543061 1507
543235 1508
543040 1509
543063 1510
543103 1511
543196 1512
543212 1513
543039 1514
543195 1515
543044 1516
543047 1517
543048 1518
543053 1519
543213 1520
543214 1521
543215 1522
543293 1523
543072 1524
543310 1525
543025 1526
543052 1527
543217 1528
543220 1529
543066 1530
543169 1531
542798 1532
543294 1533
543026 1534
543045 1535
543221 1536
543037 1537
543042 1538
543043 1539
543057 1540
543059 1541
543060 1542
543073 1543
543074 1544
543076 1545
543098 1546
543197 1547
543198 1548
543226 1549
543236 1550
543242 1551
543253 1552
543261 1553
543271 1554
543275 1555
543278 1556
543280 1557
543281 1558
543282 1559
543283 1560
543291 1561
543296 1562
543308 1563
543028 1564
543050 1565
716358 1566
716859 1567
716277 1568
716881 1569
716716 1570
716652 1571
716882 1572
716883 1573
716884 1574
716966 1575
716749 1576
716975 1577
716444 1578
716446 1579
716995 1580
716305 1581
716248 1582
716266 1583
716656 1584
716321 1585
716653 1586
716635 1587
716281 1588
716282 1589
716301 1590
716283 1591
716284 1592
716285 1593
716328 1594
716341 1595
716844 1596
716992 1597
716286 1598
716337 1599
716287 1600
716436 1601
716437 1602
716692 1603
716293 1604
716767 1605
716295 1606
716336 1607
716330 1608
716885 1609
716246 1610
716704 1611
716824 1612
716736 1613
716890 1614
716891 1615
716694 1616
716359 1617
716360 1618
716361 1619
716990 1620
716263 1621
716763 1622
716786 1623
716657 1624
716347 1625
716375 1626
716433 1627
716274 1628
716345 1629
716278 1630
716315 1631
716637 1632
716298 1633
716319 1634
716353 1635
716642 1636
716217 1637
716655 1638
716712 1639
716327 1640
716333 1641
716239 1642
716250 1643
716289 1644
716292 1645
716300 1646
716636 1647
716639 1648
716644 1649
716648 1650
716654 1651
716825 1652
716324 1653
716812 1654
716813 1655
716362 1656
716384 1657
716696 1658
716447 1659
716448 1660
716449 1661
716973 1662
717017 1663
716856 1664
716869 1665
716870 1666
716746 1667
716659 1668
716929 1669
716930 1670
716931 1671
717013 1672
716676 1673
716932 1674
716933 1675
716441 1676
716664 1677
716768 1678
716254 1679
716256 1680
716257 1681
716334 1682
716816 1683
716245 1684
716651 1685
716899 1686
716357 1687
716451 1688
716991 1689
717016 1690
716993 1691
716994 1692
716259 1693
716697 1694
716244 1695
716670 1696
716309 1697
716673 1698
716290 1699
716296 1700
716322 1701
716431 1702
716432 1703
716435 1704
716363 1705
716364 1706
716669 1707
716809 1708
717014 1709
716365 1710
716340 1711
716727 1712
716312 1713
716959 1714
716249 1715
716310 1716
716332 1717
716661 1718
716320 1719
716344 1720
716258 1721
716329 1722
716646 1723
716237 1724
716252 1725
716306 1726
716434 1727
716260 1728
716253 1729
716223 1730
716270 1731
909100 1732
909099 1733
674159 1734
674382 1735
673725 1736
674229 1737
674238 1738
673546 1739
674056 1740
673747 1741
673533 1742
673986 1743
673997 1744
674309 1745
674247 1746
674255 1747
674311 1748
673522 1749
674132 1750
673520 1751
673525 1752
673969 1753
674082 1754
674092 1755
674155 1756
674290 1757
674318 1758
674362 1759
909097 1760
1002902 1761
1011839 1762
909088 1763
1011837 1764
1011842 1765
909095 1766
909036 1767
909096 1768
909085 1769
909089 1770
909098 1771
909055 1772
909086 1773
909032 1774
790899 1775
790941 1776
790940 1777
790879 1778
790892 1779
790739 1780
790848 1781
790833 1782
790815 1783
790811 1784
790850 1785
790849 1786
790939 1787
790936 1788
729819 1789
730059 1790
729678 1791
730020 1792
730057 1793
730065 1794
729674 1795
729844 1796
730135 1797
729676 1798
729822 1799
729825 1800
729823 1801
729810 1802
729813 1803
729827 1804
729818 1805
730047 1806
730084 1807
730072 1808
729807 1809
730088 1810
729816 1811
730027 1812
730041 1813
730073 1814
730079 1815
730090 1816
730099 1817
729801 1818
729815 1819
730028 1820
729798 1821
729830 1822
729800 1823
730032 1824
730092 1825
730104 1826
729785 1827
729790 1828
729791 1829
729792 1830
729796 1831
730127 1832
729784 1833
729782 1834
729783 1835
729786 1836
729793 1837
729794 1838
729780 1839
729781 1840
730110 1841
729795 1842
730031 1843
716863 1844
716866 1845
716703 1846
716377 1847
716800 1848
716647 1849
716663 1850
716711 1851
716717 1852
716787 1853
716445 1854
716693 1855
716743 1856
716748 1857
716771 1858
716280 1859
716666 1860
716695 1861
730049 1862
730064 1863
729812 1864
730061 1865
730066 1866
730048 1867
730045 1868
730046 1869
729826 1870
730008 1871
729677 1872
729682 1873
730053 1874
730071 1875
730077 1876
730078 1877
730094 1878
730117 1879
730093 1880
729680 1881
730029 1882
730038 1883
730105 1884
730107 1885
790891 1886
790872 1887
790900 1888
790927 1889
790905 1890
790884 1891
790888 1892
790836 1893
790842 1894
790885 1895
790893 1896
790895 1897
798685 1898
798797 1899
798730 1900
798732 1901
798675 1902
798687 1903
798738 1904
798669 1905
798677 1906
798683 1907
798672 1908
798736 1909
798673 1910
798745 1911
798637 1912
798680 1913
798681 1914
798689 1915
798831 1916
798668 1917
798688 1918
798638 1919
798671 1920
798618 1921
798678 1922
798686 1923
798682 1924
704203 1925
704080 1926
704081 1927
703941 1928
703947 1929
704083 1930
704227 1931
703729 1932
703730 1933
703952 1934
704088 1935
703981 1936
703982 1937
909326 1938
909299 1939
909300 1940
1010405 1941
546689 1942
909034 1943
909079 1944
1042373 1945
1042374 1946
1042376 1947
798755 1948
798740 1949
798746 1950
798739 1951
798741 1952
798749 1953
798752 1954
798617 1955
798694 1956
798676 1957
798691 1958
798754 1959
798690 1960
909040 1961
909256 1962
909334 1963
909338 1964
909346 1965
909319 1966
909054 1967
957610 1968
909235 1969
1011841 1970
1016724 1971
674042 1972
673979 1973
674139 1974
674006 1975
673545 1976
673541 1977
674369 1978
897076 1979
896982 1980
897071 1981
897050 1982
897051 1983
897052 1984
897053 1985
896980 1986
896987 1987
896957 1988
896978 1989
897059 1990
897061 1991
896941 1992
896976 1993
896983 1994
897057 1995
897058 1996
897121 1997
897150 1998
897151 1999
897152 2000
896939 2001
896938 2002
896945 2003
896981 2004
896943 2005
674052 2006
674453 2007
674090 2008
674134 2009
674161 2010
674198 2011
674241 2012
674295 2013
674286 2014
773455 2015
773059 2016
773064 2017
773074 2018
773164 2019
773165 2020
773171 2021
773174 2022
773178 2023
773196 2024
773248 2025
773279 2026
773320 2027
773113 2028
773323 2029
773325 2030
773367 2031
773077 2032
773273 2033
773295 2034
773312 2035
773076 2036
773093 2037
773415 2038
772993 2039
773116 2040
773317 2041
773421 2042
772728 2043
773021 2044
773036 2045
773037 2046
773038 2047
773103 2048
773105 2049
773106 2050
773143 2051
773195 2052
773197 2053
773198 2054
773200 2055
773236 2056
773240 2057
773272 2058
773304 2059
773318 2060
773319 2061
773387 2062
882670 2063
883041 2064
882654 2065
882922 2066
882923 2067
883036 2068
882609 2069
882550 2070
882580 2071
882619 2072
882639 2073
882921 2074
882971 2075
883043 2076
883063 2077
883045 2078
882566 2079
882618 2080
882650 2081
882996 2082
882667 2083
882941 2084
883047 2085
883082 2086
882592 2087
882596 2088
882617 2089
883002 2090
937371 2091
883038 2092
883055 2093
883060 2094
883073 2095
883075 2096
882549 2097
882545 2098
882554 2099
883076 2100
882611 2101
883053 2102
883169 2103
941543 2104
882587 2105
882663 2106
883040 2107
882588 2108
882597 2109
882673 2110
882674 2111
882675 2112
882676 2113
882679 2114
882682 2115
882683 2116
882937 2117
883037 2118
883059 2119
883064 2120
883092 2121
883260 2122
973777 2123
882537 2124
546660 2125
546961 2126
546674 2127
546726 2128
547007 2129
546709 2130
543067 2131
543124 2132
543129 2133
543069 2134
543092 2135
543132 2136
543218 2137
543229 2138
543097 2139
543115 2140
543136 2141
542796 2142
543105 2143
543049 2144
543171 2145
543262 2146
542806 2147
704228 2148
704076 2149
703728 2150
704237 2151
716740 2152
716864 2153
716810 2154
716811 2155
716814 2156
716268 2157
716343 2158
716299 2159
716967 2160
661809 2161
661803 2162
661703 2163
661586 2164
661589 2165
661690 2166
661691 2167
913464 2168
913669 2169
913533 2170
913663 2171
546873 2172
547020 2173
546666 2174
546916 2175
546924 2176
546954 2177
546661 2178
546948 2179
546700 2180
546888 2181
673540 2182
674237 2183
543199 2184
543089 2185
813960 2186
813961 2187
814065 2188
814078 2189
674001 2190
674030 2191
674031 2192
674450 2193
813936 2194
813704 2195
814037 2196
814028 2197
814051 2198
814032 2199
814143 2200
814160 2201
813958 2202
814029 2203
814180 2204
936981 2205
813940 2206
814035 2207
814069 2208
814122 2209
814158 2210
814206 2211
814208 2212
814210 2213
814211 2214
924983 2215
1006067 2216
1016377 2217
526824 2218
526825 2219
527389 2220
527439 2221
527134 2222
527198 2223
526835 2224
527343 2225
527349 2226
527407 2227
526755 2228
526756 2229
527147 2230
527156 2231
527340 2232
526788 2233
527140 2234
527170 2235
527197 2236
527223 2237
527241 2238
527341 2239
527350 2240
527351 2241
527357 2242
527430 2243
527438 2244
527491 2245
527354 2246
527355 2247
527388 2248
527398 2249
526857 2250
527353 2251
526820 2252
527410 2253
527431 2254
527507 2255
527163 2256
526849 2257
527174 2258
527469 2259
527114 2260
527130 2261
527117 2262
527129 2263
527175 2264
527505 2265
526821 2266
526739 2267
526791 2268
526792 2269
526793 2270
526862 2271
527499 2272
526841 2273
527115 2274
527217 2275
526860 2276
527177 2277
526837 2278
526812 2279
526751 2280
526770 2281
526774 2282
527178 2283
527446 2284
526760 2285
526848 2286
527411 2287
527418 2288
526850 2289
526852 2290
526859 2291
527242 2292
527502 2293
526753 2294
526761 2295
526813 2296
527162 2297
527179 2298
527336 2299
527471 2300
526749 2301
527105 2302
527106 2303
527107 2304
527108 2305
527158 2306
527180 2307
527245 2308
527377 2309
526766 2310
527218 2311
527352 2312
527369 2313
527376 2314
527497 2315
526764 2316
527113 2317
526831 2318
526768 2319
527250 2320
527251 2321
526748 2322
526765 2323
526769 2324
526823 2325
526844 2326
527215 2327
527394 2328
527473 2329
526830 2330
527142 2331
527145 2332
527148 2333
527173 2334
527181 2335
527447 2336
526838 2337
526752 2338
526853 2339
526747 2340
526776 2341
526777 2342
526778 2343
526779 2344
526780 2345
526781 2346
526783 2347
526784 2348
526858 2349
527109 2350
527184 2351
527372 2352
526746 2353
527185 2354
527225 2355
527433 2356
527442 2357
526796 2358
527171 2359
527164 2360
527468 2361
527492 2362
527118 2363
527119 2364
527120 2365
527165 2366
527187 2367
527186 2368
527121 2369
527122 2370
527237 2371
527238 2372
527239 2373
527252 2374
527524 2375
527368 2376
526743 2377
527230 2378
527421 2379
526742 2380
526757 2381
527146 2382
527261 2383
526833 2384
527116 2385
527437 2386
527523 2387
527214 2388
527298 2389
527299 2390
527300 2391
527303 2392
527304 2393
527144 2394
527501 2395
527503 2396
527504 2397
526745 2398
526759 2399
526763 2400
526775 2401
526787 2402
526797 2403
526804 2404
526810 2405
526819 2406
526854 2407
527111 2408
527112 2409
527176 2410
527192 2411
527195 2412
527203 2413
527204 2414
527219 2415
527228 2416
527231 2417
527420 2418
527472 2419
527521 2420
526735 2421
526767 2422
526737 2423
526738 2424
526741 2425
526801 2426
526827 2427
526845 2428
527526 2429
526789 2430
527169 2431
526794 2432
527133 2433
527167 2434
526744 2435
526754 2436
526762 2437
526834 2438
526721 2439
674291 2440
674202 2441
814310 2442
813997 2443
813998 2444
814054 2445
813993 2446
813994 2447
813995 2448
813996 2449
814052 2450
779686 2451
913505 2452
716714 2453
716725 2454
716788 2455
551171 2456
551161 2457
551177 2458
551050 2459
551063 2460
551029 2461
551067 2462
551045 2463
551049 2464
551129 2465
551071 2466
551024 2467
551060 2468
551061 2469
551031 2470
551070 2471
551032 2472
551058 2473
551026 2474
551027 2475
551054 2476
551056 2477
551068 2478
551038 2479
551041 2480
551033 2481
551039 2482
551015 2483
551021 2484
551046 2485
551072 2486
551066 2487
551052 2488
551078 2489
551035 2490
551044 2491
551139 2492
551140 2493
551172 2494
551037 2495
551062 2496
551028 2497
551162 2498
551043 2499
551128 2500
551047 2501
551073 2502
551048 2503
773118 2504
773121 2505
773234 2506
773431 2507
773467 2508
773472 2509
773078 2510
773079 2511
773369 2512
773087 2513
773416 2514
772733 2515
773088 2516
526855 2517
526839 2518
526771 2519
526846 2520
526773 2521
527182 2522
527254 2523
527370 2524
527183 2525
526785 2526
527260 2527
527188 2528
527402 2529
527189 2530
527126 2531
527190 2532
527191 2533
527124 2534
526798 2535
526861 2536
527316 2537
527193 2538
882653 2539
883024 2540
883143 2541
883155 2542
882665 2543
882899 2544
883175 2545
883282 2546
883222 2547
882547 2548
882553 2549
882626 2550
882643 2551
883062 2552
883142 2553
883192 2554
883194 2555
882556 2556
882573 2557
882919 2558
883042 2559
883083 2560
883191 2561
882551 2562
882722 2563
883081 2564
882577 2565
883279 2566
882642 2567
883281 2568
883288 2569
883289 2570
882633 2571
882707 2572
883177 2573
883233 2574
883186 2575
882602 2576
882992 2577
883079 2578
527346 2579
526782 2580
527150 2581
527412 2582
527434 2583
526786 2584
527296 2585
527244 2586
527344 2587
527358 2588
527359 2589
527199 2590
527488 2591
527363 2592
527375 2593
527423 2594
527426 2595
527428 2596
527429 2597
527494 2598
527455 2599
527448 2600
526847 2601
527520 2602
527267 2603
527271 2604
527454 2605
527457 2606
527483 2607
527484 2608
527485 2609
527403 2610
704205 2611
547050 2612
547037 2613
546712 2614
546740 2615
949686 2616
949690 2617
913642 2618
913647 2619
913692 2620
913658 2621
913601 2622
926337 2623
926338 2624
946094 2625
957625 2626
913641 2627
913693 2628
946588 2629
773014 2630
773141 2631
773169 2632
773326 2633
773356 2634
772999 2635
773101 2636
773352 2637
773408 2638
779530 2639
674197 2640
674224 2641
674226 2642
674232 2643
674327 2644
674331 2645
674333 2646
674335 2647
674060 2648
674210 2649
674303 2650
674041 2651
674004 2652
674149 2653
674348 2654
674320 2655
730124 2656
730133 2657
730011 2658
547493 2659
547821 2660
547838 2661
547816 2662
547825 2663
547836 2664
547872 2665
547918 2666
547951 2667
547966 2668
547556 2669
547747 2670
547947 2671
547958 2672
547960 2673
547309 2674
547674 2675
547930 2676
547272 2677
547548 2678
547678 2679
547832 2680
547848 2681
547902 2682
547928 2683
547303 2684
547946 2685
674051 2686
674117 2687
674220 2688
674233 2689
674363 2690
551167 2691
551149 2692
674033 2693
730051 2694
730062 2695
730063 2696
730067 2697
882925 2698
882940 2699
883283 2700
883286 2701
882900 2702
883161 2703
883287 2704
882701 2705
882976 2706
883189 2707
883284 2708
882723 2709
882724 2710
882672 2711
882646 2712
882560 2713
882569 2714
882610 2715
883088 2716
882562 2717
882632 2718
882645 2719
882647 2720
882648 2721
882658 2722
883244 2723
882564 2724
882668 2725
882677 2726
882680 2727
882681 2728
882699 2729
883084 2730
882625 2731
882926 2732
882975 2733
883023 2734
883277 2735
883278 2736
882581 2737
882684 2738
882705 2739
882709 2740
883017 2741
883025 2742
883029 2743
882600 2744
882955 2745
882953 2746
883046 2747
883170 2748
882559 2749
882685 2750
882711 2751
882608 2752
883291 2753
883301 2754
882584 2755
882628 2756
882629 2757
882638 2758
883027 2759
883056 2760
883217 2761
883223 2762
883292 2763
883306 2764
882708 2765
883290 2766
882565 2767
882620 2768
882622 2769
883077 2770
547791 2771
547640 2772
547850 2773
547867 2774
547933 2775
547945 2776
547956 2777
547896 2778
547307 2779
547953 2780
547589 2781
547546 2782
547620 2783
547700 2784
547695 2785
547606 2786
547590 2787
547305 2788
547726 2789
547954 2790
547959 2791
547270 2792
547968 2793
547547 2794
547658 2795
547752 2796
547633 2797
547855 2798
547926 2799
547304 2800
547929 2801
547687 2802
547542 2803
547903 2804
547942 2805
547310 2806
547539 2807
547552 2808
547557 2809
547642 2810
547859 2811
547885 2812
547937 2813
547948 2814
547306 2815
547545 2816
547664 2817
547785 2818
547840 2819
547894 2820
547912 2821
547919 2822
547931 2823
798762 2824
798776 2825
798748 2826
798773 2827
798760 2828
798772 2829
798835 2830
798758 2831
926331 2832
926329 2833
882912 2834
882914 2835
882916 2836
882917 2837
883061 2838
882669 2839
883182 2840
883270 2841
883247 2842
883162 2843
883173 2844
883209 2845
883089 2846
882598 2847
883163 2848
882570 2849
882582 2850
882590 2851
882652 2852
882655 2853
882657 2854
882662 2855
882666 2856
882689 2857
882942 2858
883085 2859
883144 2860
883048 2861
883050 2862
882558 2863
882624 2864
883087 2865
883153 2866
882712 2867
882714 2868
882721 2869
882907 2870
882651 2871
882623 2872
882631 2873
883058 2874
883090 2875
882635 2876
883243 2877
882552 2878
883299 2879
883091 2880
882571 2881
716311 2882
716878 2883
716715 2884
716443 2885
716450 2886
716918 2887
716658 2888
716641 2889
716241 2890
716303 2891
716308 2892
716684 2893
716970 2894
716335 2895
716971 2896
716690 2897
730060 2898
730123 2899
730130 2900
730134 2901
730122 2902
730043 2903
730080 2904
730037 2905
730044 2906
730082 2907
730083 2908
730086 2909
730097 2910
730098 2911
730100 2912
730101 2913
730103 2914
730114 2915
730091 2916
730118 2917
729829 2918
730033 2919
730096 2920
729821 2921
729817 2922
729842 2923
729809 2924
730121 2925
730013 2926
551151 2927
551123 2928
551154 2929
551155 2930
551040 2931
551055 2932
551069 2933
551131 2934
551133 2935
551142 2936
551166 2937
551158 2938
551175 2939
551064 2940
551120 2941
551144 2942
551051 2943
551160 2944
551121 2945
551122 2946
551127 2947
551135 2948
551137 2949
551152 2950
527240 2951
527425 2952
527236 2953
527132 2954
527405 2955
779482 2956
779494 2957
779495 2958
779496 2959
779497 2960
779498 2961
779499 2962
779617 2963
779649 2964
779475 2965
779730 2966
779732 2967
779742 2968
779743 2969
779552 2970
779749 2971
779750 2972
779811 2973
779812 2974
779455 2975
779777 2976
779377 2977
779274 2978
779367 2979
779559 2980
779799 2981
779426 2982
779802 2983
779803 2984
779804 2985
779450 2986
527356 2987
547654 2988
547810 2989
547656 2990
547660 2991
547277 2992
547817 2993
547868 2994
547828 2995
547858 2996
547561 2997
547837 2998
547873 2999
547577 3000
547757 3001
547823 3002
547834 3003
547890 3004
547944 3005
547579 3006
547830 3007
547847 3008
547851 3009
547889 3010
547904 3011
547702 3012
547898 3013
547852 3014
547591 3015
547866 3016
547683 3017
547759 3018
547911 3019
547841 3020
547886 3021
547550 3022
547631 3023
547644 3024
547760 3025
547829 3026
547936 3027
547963 3028
547967 3029
547279 3030
547730 3031
547740 3032
547308 3033
547932 3034
527452 3035
527453 3036
527456 3037
527486 3038
527487 3039
527400 3040
527378 3041
527510 3042
527287 3043
527295 3044
527301 3045
527302 3046
527123 3047
527125 3048
527342 3049
527194 3050
527367 3051
527127 3052
526800 3053
716379 3054
716879 3055
716662 3056
716830 3057
716835 3058
716338 3059
882561 3060
883067 3061
883068 3062
882563 3063
882947 3064
882656 3065
882659 3066
882671 3067
883149 3068
882661 3069
883049 3070
882601 3071
882603 3072
882630 3073
883054 3074
1004809 3075
547067 3076
546943 3077
546905 3078
546896 3079
547605 3080
547649 3081
547651 3082
547673 3083
547701 3084
547854 3085
547875 3086
547900 3087
547625 3088
547632 3089
547636 3090
547910 3091
547923 3092
547943 3093
547814 3094
547274 3095
547842 3096
547587 3097
547681 3098
547758 3099
547797 3100
547820 3101
547822 3102
547831 3103
547833 3104
547844 3105
547845 3106
547864 3107
547865 3108
547869 3109
547879 3110
547882 3111
547901 3112
547916 3113
547957 3114
547686 3115
547697 3116
547756 3117
547884 3118
547892 3119
547731 3120
547669 3121
547763 3122
547887 3123
547680 3124
547857 3125
547715 3126
547774 3127
547895 3128
813986 3129
814105 3130
814205 3131
814215 3132
814292 3133
814043 3134
814200 3135
814203 3136
814305 3137
814309 3138
814312 3139
813933 3140
813966 3141
814089 3142
813953 3143
814281 3144
814030 3145
814182 3146
813954 3147
814107 3148
813950 3149
832565 3150
832656 3151
832760 3152
779376 3153
779532 3154
779533 3155
730021 3156
730111 3157
909297 3158
909302 3159
909315 3160
773458 3161
773315 3162
773247 3163
773264 3164
773275 3165
773278 3166
773373 3167
773382 3168
773384 3169
773184 3170
773185 3171
773190 3172
773383 3173
773082 3174
773098 3175
773252 3176
773257 3177
773368 3178
773451 3179
773371 3180
773342 3181
773389 3182
773413 3183
773404 3184
773307 3185
773397 3186
773032 3187
773124 3188
773125 3189
773298 3190
773310 3191
773364 3192
773372 3193
773377 3194
773395 3195
773398 3196
773401 3197
773406 3198
773407 3199
814191 3200
877216 3201
877234 3202
877092 3203
877266 3204
832712 3205
832654 3206
832657 3207
832659 3208
832660 3209
832668 3210
832658 3211
832665 3212
832757 3213
832644 3214
832664 3215
832662 3216
832663 3217
832666 3218
832669 3219
832566 3220
832670 3221
832671 3222
832674 3223
832756 3224
832675 3225
832694 3226
832695 3227
973719 3228
973720 3229
832680 3230
832740 3231
832676 3232
832638 3233
832667 3234
832700 3235
832704 3236
832779 3237
832780 3238
674273 3239
882924 3240
883183 3241
882678 3242
882982 3243
882995 3244
882704 3245
937372 3246
883302 3247
883275 3248
883160 3249
704077 3250
704078 3251
704089 3252
704084 3253
704085 3254
703950 3255
704086 3256
704091 3257
703949 3258
704104 3259
704105 3260
703954 3261
704108 3262
704109 3263
704110 3264
704232 3265
704233 3266
704234 3267
703955 3268
704087 3269
704106 3270
704107 3271
704111 3272
703958 3273
703959 3274
703969 3275
703974 3276
704036 3277
704096 3278
704114 3279
704115 3280
704124 3281
704127 3282
704194 3283
704112 3284
703961 3285
704117 3286
703739 3287
703963 3288
703965 3289
703973 3290
703975 3291
704026 3292
704052 3293
704118 3294
704120 3295
704122 3296
703733 3297
704103 3298
703951 3299
704149 3300
703957 3301
703964 3302
703966 3303
704093 3304
704113 3305
704121 3306
704125 3307
779500 3308
779501 3309
779502 3310
779503 3311
779504 3312
779684 3313
729828 3314
730081 3315
730085 3316
798743 3317
768472 3318
768396 3319
768474 3320
768779 3321
768397 3322
768475 3323
768479 3324
768399 3325
768400 3326
768478 3327
768664 3328
768377 3329
768394 3330
768401 3331
768402 3332
768404 3333
768521 3334
768597 3335
768614 3336
768659 3337
768663 3338
768425 3339
768536 3340
768346 3341
768378 3342
768405 3343
768406 3344
768407 3345
768517 3346
768545 3347
768655 3348
768771 3349
768381 3350
768382 3351
768341 3352
768409 3353
768410 3354
768412 3355
768592 3356
768607 3357
768619 3358
768773 3359
768334 3360
768403 3361
768411 3362
768575 3363
768620 3364
768393 3365
768484 3366
768583 3367
527360 3368
527511 3369
527326 3370
527135 3371
773108 3372
773297 3373
773300 3374
773391 3375
772734 3376
772701 3377
773119 3378
773354 3379
716829 3380
716989 3381
716438 3382
716439 3383
716348 3384
716791 3385
716455 3386
716307 3387
772727 3388
773018 3389
773281 3390
773081 3391
773071 3392
773255 3393
773142 3394
773153 3395
773154 3396
773156 3397
773179 3398
773288 3399
773341 3400
772703 3401
773012 3402
814050 3403
813968 3404
814120 3405
813972 3406
814098 3407
813971 3408
814045 3409
814049 3410
814175 3411
814293 3412
814299 3413
814302 3414
814171 3415
814179 3416
814058 3417
814294 3418
813944 3419
813973 3420
813974 3421
813975 3422
813976 3423
813977 3424
813978 3425
813980 3426
813981 3427
814047 3428
814062 3429
814110 3430
814112 3431
814133 3432
924982 3433
813979 3434
814091 3435
814202 3436
813985 3437
814033 3438
814168 3439
814097 3440
814279 3441
814034 3442
924980 3443
813929 3444
813988 3445
813989 3446
814296 3447
813990 3448
813991 3449
814087 3450
814289 3451
813992 3452
814141 3453
936982 3454
813952 3455
813702 3456
814038 3457
813703 3458
814039 3459
814040 3460
814041 3461
981690 3462
1006064 3463
814036 3464
814027 3465
814076 3466
814149 3467
814166 3468
813709 3469
814126 3470
814284 3471
813983 3472
813945 3473
814192 3474
814221 3475
814061 3476
1011355 3477
1016370 3478
1016371 3479
1016372 3480
814015 3481
814184 3482
814188 3483
1006068 3484
674035 3485
674038 3486
673726 3487
674080 3488
674262 3489
673987 3490
674018 3491
674062 3492
673985 3493
674011 3494
674061 3495
674066 3496
674125 3497
674145 3498
674218 3499
674357 3500
673980 3501
674137 3502
674336 3503
674020 3504
674027 3505
674070 3506
674071 3507
674177 3508
674215 3509
674310 3510
704126 3511
704204 3512
704206 3513
704207 3514
704208 3515
716373 3516
716326 3517
716242 3518
716297 3519
716976 3520
716385 3521
716868 3522
716934 3523
716452 3524
716454 3525
716665 3526
716243 3527
716265 3528
716668 3529
716255 3530
716314 3531
716960 3532
716681 3533
716288 3534
716291 3535
716356 3536
716273 3537
716754 3538
716897 3539
716901 3540
716902 3541
716903 3542
716907 3543
814012 3544
547662 3545
546894 3546
546965 3547
768398 3548
768344 3549
768788 3550
896967 3551
897080 3552
897144 3553
896984 3554
896948 3555
896950 3556
896951 3557
896952 3558
896956 3559
896961 3560
896963 3561
897069 3562
897072 3563
877380 3564
877141 3565
877245 3566
877242 3567
877243 3568
877396 3569
877072 3570
877210 3571
877381 3572
877041 3573
877197 3574
704238 3575
703984 3576
703985 3577
703986 3578
703987 3579
703988 3580
703989 3581
703990 3582
703991 3583
703992 3584
703993 3585
703994 3586
703995 3587
703996 3588
703997 3589
703998 3590
703999 3591
704000 3592
704001 3593
704002 3594
704003 3595
704004 3596
704005 3597
704006 3598
704007 3599
704008 3600
704009 3601
704010 3602
704011 3603
704012 3604
704013 3605
703933 3606
704209 3607
704240 3608
546887 3609
547024 3610
716827 3611
716862 3612
716854 3613
716922 3614
716843 3615
547862 3616
547786 3617
547962 3618
547586 3619
547938 3620
547920 3621
547950 3622
547595 3623
547623 3624
547630 3625
547670 3626
547698 3627
547699 3628
547703 3629
547706 3630
547716 3631
547721 3632
547722 3633
547729 3634
547738 3635
547874 3636
547949 3637
547635 3638
547794 3639
547807 3640
547861 3641
547891 3642
547909 3643
547939 3644
547622 3645
772725 3646
773086 3647
773091 3648
773360 3649
773452 3650
773285 3651
773302 3652
773303 3653
773306 3654
773400 3655
773107 3656
773283 3657
773051 3658
814297 3659
527395 3660
527518 3661
526772 3662
527249 3663
779703 3664
547564 3665
551130 3666
551074 3667
551125 3668
551134 3669
551143 3670
773019 3671
1004387 3672
1016378 3673
1016387 3674
986521 3675
1046812 3676
779607 3677
716735 3678
716737 3679
716831 3680
716803 3681
877151 3682
527441 3683
527443 3684
527390 3685
527391 3686
527131 3687
768383 3688
768486 3689
883285 3690
883259 3691
882649 3692
882660 3693
882606 3694
883151 3695
883219 3696
882715 3697
882716 3698
882717 3699
882718 3700
882636 3701
883152 3702
882979 3703
882984 3704
882985 3705
882589 3706
704134 3707
703738 3708
704236 3709
703731 3710
704239 3711
673543 3712
673532 3713
674162 3714
674244 3715
730125 3716
547665 3717
547907 3718
546701 3719
674175 3720
674319 3721
673998 3722
674438 3723
674044 3724
674131 3725
674196 3726
673989 3727
673983 3728
674094 3729
674135 3730
674235 3731
674284 3732
674380 3733
674138 3734
674440 3735
877028 3736
877203 3737
877138 3738
877224 3739
877233 3740
877238 3741
877244 3742
526856 3743
526740 3744
527527 3745
772992 3746
773075 3747
773097 3748
773359 3749
773378 3750
773104 3751
716802 3752
716818 3753
716705 3754
716720 3755
716721 3756
716722 3757
716723 3758
716724 3759
716734 3760
716760 3761
716783 3762
716304 3763
716738 3764
716726 3765
716758 3766
716775 3767
716776 3768
716779 3769
716750 3770
716782 3771
716733 3772
716769 3773
716770 3774
716772 3775
716773 3776
716777 3777
716793 3778
716807 3779
716968 3780
716906 3781
716794 3782
716795 3783
716796 3784
716832 3785
913671 3786
913607 3787
913670 3788
985360 3789
967273 3790
967274 3791
546972 3792
547049 3793
883148 3794
883268 3795
883272 3796
883167 3797
883172 3798
883174 3799
883176 3800
883178 3801
883184 3802
882713 3803
883293 3804
883294 3805
883218 3806
883220 3807
883221 3808
882605 3809
882579 3810
882567 3811
882634 3812
882719 3813
882686 3814
882687 3815
882688 3816
883303 3817
883066 3818
882946 3819
882591 3820
882593 3821
882594 3822
882969 3823
883262 3824
883263 3825
913632 3826
913678 3827
674164 3828
674206 3829
674326 3830
729841 3831
730025 3832
768330 3833
768473 3834
768476 3835
768477 3836
768499 3837
768511 3838
768408 3839
768572 3840
768379 3841
768414 3842
768415 3843
768480 3844
768630 3845
768643 3846
768772 3847
768380 3848
768419 3849
768468 3850
768469 3851
768481 3852
768617 3853
768628 3854
768413 3855
768485 3856
768623 3857
547905 3858
547876 3859
547666 3860
547562 3861
547769 3862
547809 3863
547826 3864
547566 3865
547569 3866
547571 3867
547572 3868
547574 3869
547576 3870
547778 3871
547713 3872
547748 3873
547961 3874
547853 3875
547925 3876
547267 3877
547964 3878
897066 3879
896959 3880
896960 3881
897073 3882
896975 3883
897062 3884
897063 3885
896958 3886
896962 3887
897064 3888
896968 3889
896973 3890
897065 3891
896964 3892
896965 3893
896970 3894
661711 3895
661699 3896
661698 3897
661702 3898
661744 3899
661749 3900
661748 3901
768580 3902
768522 3903
768581 3904
768460 3905
768778 3906
768584 3907
768586 3908
768590 3909
768780 3910
768343 3911
768624 3912
768626 3913
768470 3914
768335 3915
768331 3916
527205 3917
527422 3918
527221 3919
527345 3920
527436 3921
527417 3922
527508 3923
832776 3924
832726 3925
832649 3926
832708 3927
832709 3928
832716 3929
832725 3930
832736 3931
832737 3932
832738 3933
832739 3934
832741 3935
832742 3936
832745 3937
832749 3938
832750 3939
832751 3940
832752 3941
832753 3942
832754 3943
832755 3944
832639 3945
832641 3946
832642 3947
832661 3948
832731 3949
832732 3950
832733 3951
832734 3952
832761 3953
832762 3954
832763 3955
832672 3956
832679 3957
832643 3958
832673 3959
832692 3960
832706 3961
832775 3962
832682 3963
832685 3964
832715 3965
832713 3966
832637 3967
832701 3968
832567 3969
768420 3970
768556 3971
768349 3972
772989 3973
832782 3974
832746 3975
832743 3976
832569 3977
832568 3978
546971 3979
546706 3980
546911 3981
546920 3982
546930 3983
546935 3984
546974 3985
546982 3986
730030 3987
730089 3988
729804 3989
877063 3990
661723 3991
814093 3992
814104 3993
814114 3994
814199 3995
814213 3996
814217 3997
814219 3998
814220 3999
814222 4000
814137 4001
814278 4002
814046 4003
814088 4004
814298 4005
814125 4006
814006 4007
814282 4008
814007 4009
814095 4010
551023 4011
882970 4012
882974 4013
882990 4014
909318 4015
909320 4016
909345 4017
913626 4018
913679 4019
926336 4020
674344 4021
674113 4022
674334 4023
674142 4024
674381 4025
768429 4026
768519 4027
768662 4028
768551 4029
768559 4030
768416 4031
768431 4032
768618 4033
768640 4034
674431 4035
674279 4036
674243 4037
674315 4038
897055 4039
896972 4040
896974 4041
897068 4042
716698 4043
716789 4044
716974 4045
716986 4046
716790 4047
716220 4048
883147 4049
882621 4050
882706 4051
882555 4052
882599 4053
882703 4054
773057 4055
773176 4056
773015 4057
773242 4058
773163 4059
773134 4060
773361 4061
798733 4062
798735 4063
798766 4064
798798 4065
798726 4066
716785 4067
716747 4068
716751 4069
716752 4070
716753 4071
716756 4072
716755 4073
716757 4074
716759 4075
716761 4076
716765 4077
716778 4078
716780 4079
716781 4080
716833 4081
673976 4082
661700 4083
661713 4084
674209 4085
674429 4086
674163 4087
674242 4088
673730 4089
832758 4090
832781 4091
547709 4092
547915 4093
547679 4094
547745 4095
547675 4096
547594 4097
547767 4098
547776 4099
547856 4100
547877 4101
547893 4102
547897 4103
547746 4104
547795 4105
832728 4106
832735 4107
832729 4108
832730 4109
832727 4110
773025 4111
773041 4112
773048 4113
773049 4114
773110 4115
773235 4116
773146 4117
773148 4118
773150 4119
773159 4120
773267 4121
773277 4122
773291 4123
773145 4124
773149 4125
773166 4126
773181 4127
773186 4128
773417 4129
773362 4130
547801 4131
547608 4132
547924 4133
547710 4134
547737 4135
547789 4136
547863 4137
547934 4138
716892 4139
716871 4140
716925 4141
716927 4142
716928 4143
716842 4144
716839 4145
716949 4146
716350 4147
716366 4148
716367 4149
716368 4150
716371 4151
716372 4152
527490 4153
527348 4154
527243 4155
527284 4156
527285 4157
527212 4158
527270 4159
527317 4160
527318 4161
527310 4162
527327 4163
527329 4164
527314 4165
527196 4166
527401 4167
527476 4168
527482 4169
527365 4170
527450 4171
527458 4172
527459 4173
527460 4174
527461 4175
527462 4176
527463 4177
527464 4178
527465 4179
527466 4180
527467 4181
527474 4182
527475 4183
527477 4184
527478 4185
527479 4186
527480 4187
527481 4188
527519 4189
527328 4190
527525 4191
1012845 4192
716867 4193
716874 4194
547690 4195
909343 4196
877048 4197
877198 4198
877403 4199
877090 4200
716853 4201
716943 4202
790896 4203
790868 4204
790871 4205
790882 4206
913501 4207
926330 4208
543032 4209
729673 4210
883295 4211
882664 4212
883166 4213
883196 4214
883156 4215
883016 4216
882595 4217
883264 4218
883265 4219
882578 4220
883057 4221
883280 4222
546898 4223
926328 4224
527509 4225
814288 4226
814153 4227
814008 4228
814009 4229
814026 4230
779809 4231
779810 4232
779813 4233
779814 4234
768591 4235
768421 4236
768430 4237
768464 4238
768465 4239
768466 4240
768467 4241
768516 4242
768543 4243
768561 4244
768417 4245
768529 4246
937752 4247
937760 4248
527371 4249
526795 4250
716679 4251
716686 4252
716900 4253
813984 4254
704183 4255
913523 4256
527424 4257
883150 4258
883072 4259
673968 4260
674009 4261
674037 4262
674074 4263
674192 4264
674294 4265
779770 4266
704222 4267
543285 4268
546952 4269
546970 4270
546975 4271
546990 4272
546715 4273
546949 4274
546947 4275
882952 4276
882987 4277
883256 4278
883273 4279
882989 4280
883171 4281
883179 4282
883187 4283
883188 4284
883201 4285
883213 4286
883214 4287
883215 4288
883216 4289
883240 4290
882586 4291
882607 4292
882956 4293
883245 4294
883249 4295
883255 4296
882720 4297
883250 4298
883251 4299
883252 4300
883253 4301
883254 4302
883257 4303
543302 4304
813982 4305
814111 4306
814102 4307
813948 4308
814002 4309
814003 4310
814306 4311
832747 4312
832748 4313
832777 4314
988994 4315
673743 4316
547707 4317
547751 4318
547727 4319
547735 4320
547846 4321
547952 4322
547647 4323
547812 4324
779688 4325
673995 4326
674000 4327
674170 4328
674204 4329
674172 4330
674222 4331
674227 4332
674026 4333
674029 4334
674328 4335
703734 4336
703740 4337
716708 4338
716766 4339
814080 4340
814123 4341
832655 4342
832717 4343
832691 4344
832651 4345
883065 4346
883274 4347
882936 4348
661742 4349
661767 4350
661769 4351
661811 4352
661774 4353
661786 4354
661787 4355
527513 4356
814060 4357
814000 4358
814115 4359
813946 4360
909282 4361
673528 4362
547592 4363
547598 4364
547603 4365
547743 4366
547835 4367
547955 4368
547275 4369
547804 4370
798727 4371
674287 4372
674364 4373
674432 4374
543269 4375
730109 4376
543094 4377
543143 4378
543201 4379
543243 4380
543260 4381
543312 4382
543027 4383
790844 4384
543083 4385
543259 4386
543202 4387
543203 4388
543205 4389
543080 4390
543111 4391
543118 4392
543121 4393
543156 4394
543158 4395
543159 4396
543178 4397
543207 4398
543222 4399
543223 4400
543224 4401
543225 4402
543227 4403
543230 4404
543231 4405
543232 4406
543233 4407
543234 4408
543264 4409
543267 4410
543292 4411
543295 4412
543299 4413
543300 4414
543304 4415
543305 4416
543131 4417
543206 4418
813707 4419
779751 4420
779756 4421
543252 4422
773131 4423
773136 4424
883261 4425
883164 4426
883165 4427
882943 4428
883205 4429
883208 4430
883210 4431
883226 4432
883227 4433
883228 4434
883224 4435
882913 4436
883236 4437
883246 4438
883248 4439
882945 4440
883304 4441
883145 4442
773333 4443
773020 4444
877395 4445
877187 4446
674102 4447
674126 4448
779654 4449
779655 4450
779840 4451
547871 4452
547908 4453
547628 4454
547827 4455
547581 4456
547583 4457
547585 4458
547582 4459
547775 4460
547881 4461
883276 4462
882644 4463
883238 4464
883239 4465
882931 4466
882932 4467
882616 4468
883157 4469
543240 4470
661743 4471
661587 4472
768595 4473
768608 4474
814024 4475
814152 4476
814173 4477
814174 4478
814055 4479
814163 4480
814167 4481
814136 4482
814094 4483
814131 4484
773396 4485
773043 4486
773045 4487
773305 4488
773243 4489
773337 4490
773338 4491
773035 4492
773047 4493
773433 4494
773434 4495
773011 4496
773063 4497
773072 4498
773189 4499
773363 4500
551168 4501
551057 4502
551141 4503
551147 4504
716893 4505
716894 4506
716985 4507
773328 4508
773054 4509
547271 4510
673999 4511
673973 4512
674111 4513
832784 4514
673967 4515
674356 4516
913526 4517
926334 4518
913613 4519
913620 4520
913518 4521
527141 4522
527379 4523
527515 4524
527213 4525
773258 4526
768395 4527
768601 4528
768615 4529
768621 4530
773073 4531
773095 4532
773191 4533
773192 4534
773013 4535
773050 4536
773053 4537
773111 4538
773203 4539
773237 4540
773238 4541
773241 4542
773017 4543
773058 4544
773066 4545
773067 4546
773027 4547
773133 4548
773268 4549
716886 4550
814155 4551
814212 4552
813949 4553
814101 4554
814072 4555
814314 4556
814001 4557
814121 4558
814004 4559
814138 4560
814005 4561
814066 4562
814287 4563
716875 4564
716841 4565
716988 4566
897081 4567
897082 4568
897083 4569
897084 4570
768427 4571
768428 4572
768433 4573
768434 4574
768435 4575
768458 4576
547560 4577
547563 4578
547568 4579
547570 4580
547573 4581
547578 4582
547580 4583
547584 4584
547588 4585
547599 4586
547600 4587
547601 4588
547602 4589
547604 4590
547607 4591
547609 4592
547612 4593
547615 4594
547618 4595
547621 4596
547634 4597
547637 4598
547643 4599
547655 4600
547671 4601
547712 4602
547717 4603
547723 4604
547725 4605
547734 4606
547779 4607
547783 4608
547798 4609
547860 4610
547878 4611
547880 4612
547883 4613
547888 4614
547899 4615
547906 4616
547914 4617
547921 4618
547922 4619
547927 4620
547792 4621
547768 4622
547839 4623
547708 4624
547593 4625
547940 4626
547629 4627
798742 4628
527397 4629
527392 4630
909324 4631
543029 4632
546889 4633
547008 4634
547015 4635
546983 4636
546928 4637
546921 4638
546997 4639
937840 4640
814129 4641
814172 4642
813932 4643
779691 4644
779505 4645
527451 4646
527514 4647
716672 4648
716302 4649
716850 4650
716279 4651
716267 4652
716313 4653
716958 4654
716961 4655
952507 4656
813987 4657
814128 4658
814106 4659
716969 4660
716453 4661
716442 4662
716369 4663
716370 4664
877196 4665
877060 4666
877199 4667
877168 4668
716215 4669
716980 4670
716905 4671
716913 4672
716709 4673
546885 4674
546901 4675
716784 4676
716888 4677
716889 4678
716896 4679
716898 4680
716904 4681
716920 4682
716376 4683
716730 4684
717015 4685
716349 4686
716963 4687
674246 4688
674312 4689
883266 4690
913638 4691
913639 4692
913640 4693
913644 4694
913645 4695
913646 4696
913649 4697
913650 4698
913668 4699
937837 4700
937838 4701
768339 4702
768332 4703
547744 4704
779506 4705
779507 4706
779508 4707
779509 4708
779510 4709
779511 4710
779512 4711
779513 4712
779514 4713
779515 4714
779516 4715
779517 4716
779518 4717
547003 4718
546968 4719
547030 4720
547036 4721
673974 4722
883154 4723
551020 4724
937753 4725
937754 4726
937755 4727
937756 4728
937757 4729
937758 4730
937759 4731
937761 4732
937762 4733
937763 4734
937764 4735
716972 4736
716269 4737
882710 4738
814016 4739
526805 4740
527366 4741
877260 4742
704182 4743
703972 4744
832783 4745
527330 4746
527331 4747
832687 4748
768487 4749
768488 4750
768489 4751
768652 4752
768462 4753
768463 4754
768424 4755
768506 4756
779776 4757
913625 4758
913627 4759
913629 4760
913633 4761
913628 4762
913630 4763
913631 4764
877392 4765
877404 4766
877402 4767
877394 4768
877182 4769
704092 4770
798834 4771
543303 4772
527512 4773
527259 4774
546704 4775
813999 4776
813947 4777
779694 4778
924981 4779
716872 4780
716908 4781
673990 4782
546884 4783
674313 4784
704231 4785
704053 4786
773102 4787
773464 4788
547626 4789
547627 4790
547685 4791
547749 4792
547849 4793
547732 4794
547935 4795
547761 4796
547762 4797
547764 4798
547787 4799
547824 4800
798750 4801
798769 4802
716729 4803
551059 4804
883159 4805
547066 4806
527334 4807
768422 4808
768490 4809
768549 4810
768451 4811
779752 4812
779758 4813
716836 4814
716294 4815
716895 4816
716909 4817
716912 4818
716354 4819
716355 4820
716700 4821
716852 4822
716935 4823
716936 4824
716849 4825
716939 4826
716940 4827
716942 4828
716848 4829
716944 4830
716945 4831
716339 4832
716847 4833
716952 4834
716953 4835
716954 4836
716962 4837
716846 4838
716706 4839
773322 4840
773327 4841
779689 4842
913605 4843
877184 4844
877255 4845
877259 4846
877263 4847
773092 4848
773470 4849
773461 4850
773280 4851
773468 4852
527248 4853
814092 4854
527253 4855
546917 4856
883071 4857
526822 4858
798693 4859
768345 4860
768774 4861
768777 4862
882988 4863
674141 4864
674339 4865
877140 4866
877157 4867
877155 4868
877162 4869
877256 4870
798734 4871
798761 4872
798799 4873
798803 4874
798804 4875
798805 4876
729833 4877
729843 4878
814169 4879
814100 4880
814139 4881
814177 4882
1006065 4883
814291 4884
952508 4885
952509 4886
952510 4887
952511 4888
952512 4889
814017 4890
814283 4891
768528 4892
768639 4893
768656 4894
768593 4895
768518 4896
768538 4897
768542 4898
768418 4899
768650 4900
768606 4901
768616 4902
730095 4903
730112 4904
674300 4905
674127 4906
543023 4907
773335 4908
773336 4909
547596 4910
547597 4911
547610 4912
547611 4913
547613 4914
547616 4915
547617 4916
547619 4917
814109 4918
814161 4919
814193 4920
814198 4921
814064 4922
883180 4923
883271 4924
814176 4925
967275 4926
527255 4927
527258 4928
527279 4929
527516 4930
527207 4931
527495 4932
551136 4933
674316 4934
674317 4935
832711 4936
773331 4937
773332 4938
773262 4939
674063 4940
674140 4941
704142 4942
704189 4943
704196 4944
704097 4945
704099 4946
779690 4947
790890 4948
814216 4949
768785 4950
768333 4951
877215 4952
527306 4953
526806 4954
527333 4955
527335 4956
716979 4957
716921 4958
716947 4959
716948 4960
779590 4961
704119 4962
704159 4963
704128 4964
704192 4965
704095 4966
704098 4967
704101 4968
674200 4969
674154 4970
674346 4971
674439 4972
526790 4973
883158 4974
547269 4975
798770 4976
814070 4977
882993 4978
897146 4979
897060 4980
716823 4981
952513 4982
814014 4983
814083 4984
547741 4985
547802 4986
546994 4987
832744 4988
527393 4989
704154 4990
704155 4991
704201 4992
527517 4993
779573 4994
779478 4995
779657 4996
779658 4997
779456 4998
779816 4999
551150 5000
527206 5001
527256 5002
527257 5003
527264 5004
527265 5005
527266 5006
527268 5007
527269 5008
527272 5009
527273 5010
527274 5011
527275 5012
527276 5013
527277 5014
527305 5015
527307 5016
527308 5017
527309 5018
527311 5019
527312 5020
527313 5021
527315 5022
526799 5023
527323 5024
526807 5025
526808 5026
526809 5027
526811 5028
527137 5029
527138 5030
527232 5031
527233 5032
527234 5033
527149 5034
527128 5035
527362 5036
883168 5037
882575 5038
883237 5039
883241 5040
883242 5041
882959 5042
674034 5043
547739 5044
547913 5045
716977 5046
716955 5047
716956 5048
716957 5049
773239 5050
773311 5051
772739 5052
674430 5053
661704 5054
661747 5055
661615 5056
716910 5057
674281 5058
674115 5059
527406 5060
546913 5061
716978 5062
988993 5063
913530 5064
527380 5065
527154 5066
527155 5067
527157 5068
547551 5069
729834 5070
730126 5071
661755 5072
551148 5073
790894 5074
527470 5075
546918 5076
546989 5077
546991 5078
546995 5079
546987 5080
546996 5081
546998 5082
546927 5083
547014 5084
546909 5085
546910 5086
546915 5087
546708 5088
547021 5089
814145 5090
949689 5091
773167 5092
773429 5093
773430 5094
716688 5095
526817 5096
813943 5097
877029 5098
768569 5099
527322 5100
779687 5101
546906 5102
773039 5103
773044 5104
773170 5105
773180 5106
773314 5107
773321 5108
773357 5109
773432 5110
773026 5111
773246 5112
883181 5113
883190 5114
883193 5115
883195 5116
1011388 5117
779662 5118
779754 5119
779757 5120
779759 5121
779787 5122
779788 5123
779792 5124
779537 5125
779815 5126
779817 5127
882905 5128
883202 5129
883229 5130
883230 5131
883231 5132
883235 5133
730120 5134
543126 5135
704211 5136
814146 5137
814018 5138
814019 5139
814021 5140
814023 5141
814103 5142
814303 5143
814308 5144
703979 5145
779588 5146
779608 5147
779609 5148
779610 5149
779595 5150
546984 5151
661726 5152
543084 5153
543147 5154
543146 5155
543272 5156
768530 5157
768535 5158
768668 5159
832718 5160
790908 5161
547645 5162
547784 5163
547803 5164
716699 5165
716701 5166
716982 5167
716946 5168
716728 5169
716951 5170
716950 5171
716804 5172
716984 5173
674428 5174
913604 5175
913609 5176
913612 5177
913615 5178
913619 5179
913622 5180
913667 5181
913675 5182
913496 5183
913499 5184
773420 5185
790869 5186
790870 5187
790938 5188
547688 5189
547711 5190
527496 5191
547781 5192
547917 5193
779748 5194
546904 5195
674298 5196
674299 5197
674361 5198
913611 5199
913614 5200
913617 5201
913618 5202
913621 5203
913623 5204
913686 5205
547276 5206
547273 5207
527413 5208
768553 5209
547032 5210
543140 5211
716981 5212
551126 5213
551163 5214
704129 5215
704150 5216
547035 5217
546960 5218
547022 5219
547004 5220
547005 5221
547043 5222
547676 5223
547719 5224
547753 5225
673970 5226
674014 5227
547555 5228
547765 5229
547770 5230
547843 5231
779554 5232
790878 5233
877261 5234
773290 5235
773292 5236
798792 5237
546891 5238
527139 5239
768448 5240
768449 5241
768452 5242
768496 5243
768507 5244
768508 5245
768510 5246
768524 5247
768531 5248
768574 5249
547559 5250
773462 5251
773463 5252
779695 5253
547000 5254
773365 5255
773366 5256
773374 5257
773376 5258
773265 5259
773266 5260
882903 5261
882966 5262
882980 5263
882981 5264
882998 5265
704133 5266
704135 5267
704136 5268
704137 5269
704212 5270
897120 5271
897056 5272
897048 5273
896966 5274
704090 5275
704163 5276
543322 5277
716887 5278
527332 5279
527414 5280
527415 5281
527416 5282
527419 5283
527432 5284
798767 5285
673977 5286
661740 5287
704235 5288
704187 5289
704100 5290
704184 5291
704193 5292
704200 5293
768555 5294
768562 5295
768576 5296
913517 5297
896985 5298
897054 5299
547567 5300
773284 5301
768634 5302
768632 5303
937833 5304
543120 5305
704014 5306
527385 5307
790897 5308
768776 5309
768651 5310
773330 5311
883269 5312
877218 5313
877219 5314
877225 5315
877246 5316
877214 5317
877217 5318
877229 5319
877248 5320
877265 5321
897067 5322
716858 5323
716937 5324
716938 5325
716941 5326
768641 5327
716380 5328
814073 5329
814010 5330
814011 5331
814013 5332
526802 5333
527136 5334
527152 5335
527160 5336
527319 5337
527320 5338
527321 5339
527324 5340
527325 5341
527384 5342
527283 5343
527286 5344
527292 5345
527293 5346
527294 5347
527297 5348
768787 5349
768786 5350
547766 5351
814204 5352
814077 5353
729820 5354
547777 5355
547806 5356
673978 5357
877220 5358
674185 5359
897131 5360
896971 5361
897153 5362
897154 5363
716806 5364
779733 5365
773409 5366
773410 5367
773411 5368
773418 5369
704040 5370
716741 5371
527263 5372
716926 5373
730106 5374
730108 5375
790825 5376
551132 5377
551075 5378
551076 5379
790873 5380
790880 5381
790886 5382
704015 5383
704016 5384
704018 5385
547793 5386
674104 5387
674045 5388
674050 5389
674156 5390
674338 5391
674184 5392
674259 5393
882986 5394
882948 5395
798763 5396
527246 5397
527262 5398
527278 5399
527210 5400
527216 5401
543100 5402
543107 5403
543114 5404
543127 5405
543128 5406
543130 5407
543142 5408
543254 5409
543284 5410
779753 5411
814071 5412
814134 5413
779659 5414
779767 5415
779768 5416
779769 5417
779772 5418
779790 5419
779793 5420
779794 5421
779791 5422
779818 5423
779693 5424
716983 5425
704165 5426
779534 5427
704179 5428
543290 5429
877254 5430
877253 5431
779435 5432
661715 5433
704130 5434
768532 5435
768631 5436
704054 5437
704094 5438
527209 5439
674002 5440
674022 5441
674024 5442
674039 5443
674048 5444
674148 5445
674190 5446
674234 5447
674329 5448
674379 5449
704185 5450
897088 5451
897109 5452
897141 5453
896969 5454
897079 5455
897094 5456
527290 5457
527291 5458
949688 5459
814178 5460
814185 5461
814187 5462
909344 5463
704017 5464
527489 5465
779692 5466
674217 5467
716915 5468
661706 5469
716911 5470
779685 5471
798768 5472
877172 5473
877240 5474
716826 5475
768391 5476
883000 5477
883051 5478
768594 5479
913635 5480
716674 5481
716685 5482
790932 5483
768539 5484
768566 5485
768775 5486
768558 5487
527374 5488
527444 5489
716914 5490
877258 5491
526826 5492
527396 5493
716919 5494
661721 5495
814159 5496
814286 5497
547018 5498
547028 5499
768609 5500
937832 5501
937835 5502
937844 5503
937831 5504
937834 5505
937839 5506
937842 5507
543250 5508
543249 5509
674221 5510
674256 5511
913634 5512
661718 5513
543123 5514
547040 5515
547558 5516
779806 5517
814135 5518
814124 5519
814144 5520
779575 5521
779760 5522
877153 5523
768527 5524
527208 5525
768669 5526
768441 5527
814189 5528
543144 5529
543148 5530
543183 5531
543315 5532
790814 5533
527338 5534
527427 5535
814151 5536
790907 5537
897070 5538
897147 5539
897149 5540
897074 5541
897075 5542
897145 5543
546922 5544
546923 5545
546925 5546
546933 5547
546992 5548
546914 5549
546919 5550
546985 5551
546988 5552
547002 5553
547006 5554
547012 5555
547019 5556
547023 5557
547025 5558
547026 5559
547027 5560
547031 5561
547034 5562
547038 5563
547042 5564
674253 5565
674288 5566
674374 5567
527364 5568
527153 5569
674457 5570
674274 5571
882904 5572
773199 5573
547694 5574
547575 5575
716819 5576
1049562 5577
790881 5578
768638 5579
716837 5580
716834 5581
897077 5582
882951 5583
716687 5584
543237 5585
897115 5586
779562 5587
543200 5588
543279 5589
543087 5590
543095 5591
543117 5592
543163 5593
543314 5594
543090 5595
543101 5596
543141 5597
543150 5598
543151 5599
543153 5600
543154 5601
543155 5602
543157 5603
527381 5604
674191 5605
773271 5606
773289 5607
773349 5608
909038 5609
773276 5610
773188 5611
773308 5612
527211 5613
546942 5614
913736 5615
897100 5616
897105 5617
527247 5618
547614 5619
527280 5620
716792 5621
716828 5622
768587 5623
768598 5624
883070 5625
704138 5626
704139 5627
704140 5628
704141 5629
773324 5630
773070 5631
543174 5632
543152 5633
779696 5634
716817 5635
716323 5636
716820 5637
913677 5638
547661 5639
547641 5640
547650 5641
547667 5642
547565 5643
814090 5644
814042 5645
814044 5646
527382 5647
768649 5648
674025 5649
798815 5650
798817 5651
779589 5652
883206 5653
768440 5654
768482 5655
768443 5656
768444 5657
768445 5658
768446 5659
768447 5660
768622 5661
768636 5662
768439 5663
768442 5664
768509 5665
768450 5666
897078 5667
768541 5668
768571 5669
768453 5670
768454 5671
768455 5672
768456 5673
768457 5674
768459 5675
768461 5676
768497 5677
768498 5678
768500 5679
768501 5680
768502 5681
768503 5682
768504 5683
768513 5684
768633 5685
730074 5686
716707 5687
543255 5688
674239 5689
779755 5690
768552 5691
773287 5692
674174 5693
674345 5694
773068 5695
773193 5696
716689 5697
661590 5698
877393 5699
768493 5700
768665 5701
768605 5702
883018 5703
883026 5704
883204 5705
883207 5706
882574 5707
882585 5708
882911 5709
882935 5710
543238 5711
543133 5712
543134 5713
779786 5714
551119 5715
551145 5716
716822 5717
779795 5718
779561 5719
779564 5720
779563 5721
924967 5722
773350 5723
773351 5724
773353 5725
773355 5726
773358 5727
773435 5728
773282 5729
773286 5730
773296 5731
883185 5732
674384 5733
674441 5734
674448 5735
674461 5736
779797 5737
798692 5738
798818 5739
551019 5740
547819 5741
704186 5742
704188 5743
704190 5744
704191 5745
704143 5746
704144 5747
704145 5748
704146 5749
704195 5750
704197 5751
704199 5752
704151 5753
704198 5754
543258 5755
779591 5756
779593 5757
779594 5758
704055 5759
704056 5760
704057 5761
704058 5762
704059 5763
704060 5764
704061 5765
543135 5766
543211 5767
543160 5768
543306 5769
543307 5770
543102 5771
543167 5772
543204 5773
779835 5774
661709 5775
704175 5776
674178 5777
674183 5778
674193 5779
674275 5780
674276 5781
674277 5782
798764 5783
798793 5784
798781 5785
798782 5786
798765 5787
798783 5788
547799 5789
547818 5790
790877 5791
527289 5792
543287 5793
543257 5794
543085 5795
543247 5796
909048 5797
942321 5798
547724 5799
527440 5800
768505 5801
779823 5802
543313 5803
543093 5804
543099 5805
543106 5806
543112 5807
543137 5808
543138 5809
543161 5810
543162 5811
543164 5812
543165 5813
543166 5814
543168 5815
543170 5816
543309 5817
814099 5818
814116 5819
883069 5820
543104 5821
543288 5822
527383 5823
527282 5824
527288 5825
661738 5826
913610 5827
937836 5828
768613 5829
768625 5830
768629 5831
768635 5832
768637 5833
768642 5834
768645 5835
768647 5836
768648 5837
768653 5838
768657 5839
768658 5840
768660 5841
768661 5842
768666 5843
768667 5844
877213 5845
913682 5846
768491 5847
768492 5848
716840 5849
716924 5850
773444 5851
773445 5852
547553 5853
704123 5854
768525 5855
729802 5856
527222 5857
704181 5858
909042 5859
661719 5860
704172 5861
704038 5862
704039 5863
704041 5864
661708 5865
543079 5866
543081 5867
543246 5868
543248 5869
543251 5870
543286 5871
543311 5872
779766 5873
779773 5874
779778 5875
779800 5876
779801 5877
543274 5878
543125 5879
543256 5880
543265 5881
543122 5882
543172 5883
543173 5884
543175 5885
543176 5886
543177 5887
543297 5888
543298 5889
547659 5890
547815 5891
790818 5892
913651 5893
674340 5894
704160 5895
814025 5896
883080 5897
